GSIF2018/1_Geostatistics/practical/geul_dem.txt
ncols         80
nrows         80
xllcorner     190000
yllcorner     314000
cellsize      25
NODATA_value  -9999
[rows 34 to 67 of 80, columns 0 to 74 of 80]
140.71 142.73 146.6 149.31 149.1 145.64 137.66 127.43 119.16 113.27 107.71 104.14 101.03 98.39 95.81 91.36 87.85 86.59 86.48 87.09 87.3 86.52 86.65 86.2 86.36 85.94 86.1 86.24 86.59 86.38 86.7 86.64 86.8 86.84 86.87 87.07 87.26 87.53 88.17 88.94 89.6 90.6 91.91 93.24 94.83 95.44 95.9 96.27 96.77 98.19 99.35 99.91 100.7 101.61 102.46 103.19 103.79 104.26 104.41 103.87 105 105.24 104.56 103.11 102 101.86 101.84 101.65 100.68 99.79 98.66 97.19 96.14 95.66 94.8
148.6 148.67 150.81 152.46 151.88 148.19 140.24 130.17 121.52 115.29 110.42 106.39 102.88 100.21 97.6 92.77 88.63 87.06 86.8 87.46 87.15 86.55 86.75 86.88 86.17 85.84 86.91 86.21 86.75 86.54 86.5 86.58 86.74 86.89 87.03 87.08 87.25 87.66 88.3 88.98 89.6 90.4 91.57 93.11 94.32 94.93 95.47 95.93 96.06 97.98 99.22 99.71 100.23 100.96 101.64 102.28 102.67 102.79 102.77 103.74 103.87 103.59 102.81 101.33 99.89 99.35 99.34 98.65 97.56 96.83 96.24 95.57 94.47 93.67 93.66
154.32 154.1 154.66 154.85 153.6 149.87 141.92 132.47 123.97 117.45 112.42 108.3 105.09 101.3 98.68 94.92 89.86 87.26 87.01 87.49 87.21 86.74 86.85 87.2 86.83 86.73 86.77 85.91 86.87 86.87 86.81 86.67 86.77 86.97 87.08 87.06 87.22 87.65 88.14 88.6 89.25 90.05 91.16 92.67 93.56 94.44 95.15 95.85 95.86 96.75 99.09 99.39 99.9 100.21 100.9 101.18 101.22 101.58 102.16 102.31 102.33 102.01 101.01 99.49 98.24 97.64 96.88 95.93 95.16 94.87 94.21 93.41 93.15 93.38 93.71
157.69 158.07 158.04 156.42 155.42 151.8 144.29 135.06 126.85 119.89 114.75 110.14 106.57 103.07 99.93 97.17 92.2 87.73 87.21 87.55 87.06 86.85 86.91 87.27 86.49 86.35 86.16 86.76 87.05 87.05 87.01 86.91 86.9 87.03 87.08 87.13 87.26 87.59 87.94 88.43 88.97 89.74 90.61 91.55 92.55 93.31 93.97 94.84 95.73 95.86 98.32 99.01 99.35 99.43 99.91 99.95 99.99 100.57 100.64 100.69 100.55 99.91 98.66 97.51 96.75 95.94 94.2 93.01 92.82 92.86 92.93 92.98 93.14 93.45 93.66
158.91 159.14 159.3 158.33 156.89 153.52 146.6 137.55 129.76 122.95 117.69 112.55 108.18 105.17 101.49 99.27 92.35 88.58 87.72 87.75 87.03 86.92 86.99 87.28 86.5 87.11 86.34 87.35 87.36 87.39 87.17 87.06 87.06 87.24 87.21 87.28 87.42 87.64 87.91 88.31 88.71 89.09 89.55 89.96 90.57 91.2 92.08 93.16 94.01 95.21 97.42 98.32 98.77 98.72 99.08 99.07 98.93 98.96 99.04 98.75 98.25 97.38 96.42 95.82 95.08 93.77 92.62 92.31 92.31 92.61 92.74 92.94 93 92.75 92.37
159.83 159.9 160.05 159.38 157.97 155.19 150.06 142.14 134.23 126.52 120.49 115.07 110.27 107.2 103.81 100.72 90.53 88.59 88.21 88.01 87.05 87.06 87.12 87.27 86.98 86.91 87.28 87.11 87.29 87.21 87.49 87.29 87.25 87.47 87.46 87.44 87.58 87.63 87.78 87.98 88.27 88.58 88.9 89.08 89.14 89.3 90.19 91.85 93.39 94.39 96.14 97.17 97.63 97.58 98.05 98.03 97.6 97.3 97.18 96.63 96.16 95.55 94.47 93.35 92.64 92.58 92.27 92.08 92.05 92.38 92.63 92.85 92.51 93.33 93.61
160.3 160.27 160.3 159.67 158.75 156.83 153.41 147.14 138.79 130.04 123.63 118.11 113.31 109.49 106.9 103.77 92.55 88.96 88.84 88.26 87.16 87.2 87.19 87.27 87.31 87.37 86.9 86.84 87.63 87.57 87.38 87.49 87.6 87.66 87.58 87.54 87.57 87.67 87.8 87.95 88.12 88.34 88.53 88.66 88.82 89.11 89.76 90.89 92.47 93.53 94.96 95.76 96.48 96.74 96.93 96.59 96.05 95.56 95.4 94.87 93.94 92.84 92.32 92.09 92.09 92.09 92.06 92.02 91.92 92.24 92.47 92.84 92.68 93.31 93.57
160.53 160.31 160.28 159.53 158.8 157.92 155.39 151.18 143.28 135.03 127.95 122.65 117.31 112.54 109.59 107.45 97.79 89.5 89.13 88.45 87.36 87.35 87.31 87.31 87.39 87.5 87.48 87.51 87.65 87.7 87.77 87.07 87.47 87.71 87.58 87.56 87.55 87.71 87.79 87.89 88.09 88.28 88.42 88.56 88.68 88.95 89.43 90.3 91.98 93.13 93.98 95.21 96.06 96.05 95.23 95.42 94.8 94.12 93.09 92.24 91.83 91.67 91.68 91.69 91.82 91.88 92.12 92.12 92.02 92.2 92.22 92.31 92.87 93.68 94.49
160.66 160.26 160.07 159.99 158.98 158.52 156.79 154.07 148.99 142.12 134.27 126.93 121.37 116.38 112.64 110.16 105.38 92.74 89.45 88.79 87.69 87.6 87.59 87.46 87.45 87.56 87.56 87.44 87.64 87.61 87.78 86.63 87.57 87.66 87.57 87.57 87.59 87.75 87.79 87.89 88.05 88.2 88.3 88.47 88.58 88.8 89.03 89.78 91.61 92.01 92.71 93.52 94.68 94.36 93.49 94.34 92.69 92.05 91.59 91.42 91.3 91.35 91.41 91.53 91.6 91.92 92.05 92.11 92.2 91.4 91.79 93.17 95.25 96.72 96.89
160.48 159.99 159.77 159.63 159.45 158.67 157.68 155.8 153.09 147.78 140.9 132.41 125.51 120.7 116.76 112.9 110.21 99.97 90.46 89.32 88.18 87.87 87.72 87.47 87.52 87.55 87.57 87.67 87.59 87.67 86.97 87.22 87.8 87.74 87.67 87.65 87.65 87.67 87.68 87.8 87.92 88.11 88.25 88.44 88.65 88.84 88.94 89.66 91.09 90.69 92.24 92.5 92.88 92.4 92.01 93.02 91.59 91.17 91.38 91.41 91.05 91.1 91.21 91.36 91.53 91.8 92.02 92.06 92.03 92.03 93.09 94.95 97.59 98.4 99.06
159.89 159.35 159.1 158.94 158.64 157.92 157.25 156.29 154.43 150.71 145.31 138.97 131.49 126.13 121.48 116.8 112.7 108.28 94.89 90.23 88.44 88.1 87.96 87.86 87.75 87.65 87.65 87.91 87.77 87.89 87.29 87.89 87.8 87.89 87.74 87.71 87.69 87.7 87.81 87.93 88.02 88.23 88.35 88.55 88.85 89.13 89.33 90.37 90.28 89.9 90.47 90.45 90.41 90.71 91.12 91.4 92.07 90.93 91.22 91.39 91.03 90.83 91.18 91.41 91.62 91.79 91.99 91.74 91.71 93.02 96.14 97.45 98.38 99.26 100.06
158.78 157.99 157.91 157.68 157.03 156.68 155.83 155.23 154.23 151.78 147.52 142.54 136.82 131.06 125.87 120.55 115.59 111.2 103.93 91.77 89 88.69 88.49 88.34 88.08 87.97 87.96 88.02 87.89 88.06 87.36 87.85 87.96 87.82 87.86 87.82 87.81 87.83 87.97 88.12 88.22 88.31 88.46 88.67 88.85 89.2 89.47 90.45 89.39 89.42 89.68 90.06 89.86 90.29 90.95 90.84 91.25 90.88 91.33 91.59 91.34 90.79 91.23 91.46 91.67 91.67 91.34 92.02 95.44 96.76 97.87 98.48 99.09 99.87 101.2
157.34 155.81 155.36 155.15 154.91 153.85 152.87 152.22 151.34 150.09 147.06 143.08 138.2 132.86 128.13 122.94 117.81 112.66 109.05 97.65 90.62 89.21 89.11 89.03 88.72 88.48 88.28 88.25 87.97 88.02 88.19 87.09 88.05 87.85 88 87.99 87.95 87.99 88.16 88.27 88.38 88.47 88.63 88.92 89.1 89.36 89.39 89.83 89.13 89.46 89.81 89.99 90.18 90.2 90.74 90.63 91.05 91.1 91.52 91.51 91.3 90.56 90.9 91.3 91.19 91.78 95.06 97.11 97.78 99.03 99.6 99.69 100.2 101.7 102.65
156.08 153.32 151.44 151.16 150.6 149.87 148.73 147.76 146.81 145.65 143.62 140.56 136.51 132.01 127.6 121.99 117.59 113.26 109.41 104.54 93.61 90.25 89.95 89.54 89.23 89.04 88.7 88.53 87.98 88 88.13 87.56 87.64 87.8 88.09 88.18 88.07 88.11 88.24 88.38 88.52 88.73 89.04 89.28 89.4 89.59 89.86 89.91 89.79 89.49 89.41 89.73 89.75 89.99 90.5 90.58 90.17 91.3 91.21 91.04 90.6 90.77 91.55 92.13 94.69 96.6 97.52 98.88 99.72 100.29 100.27 101.14 102.64 102.85 103.17
154.55 151.17 147.67 145.28 145.11 144.79 143.33 141.92 141.07 140.03 138.34 135.79 132.57 128.75 124.68 119.64 115.5 112.36 109.04 106.14 98.44 92.2 90.99 90.34 90.04 89.9 89.56 88.91 88.23 87.99 88.08 87.84 87.42 87.82 87.99 88.15 88.19 88.28 88.45 88.59 88.77 89.07 89.24 89.22 89.24 89.23 89.55 89.79 89.76 89.49 89.27 89.35 89.33 90.09 90.11 90.56 90.21 90.71 90.67 90.09 91.46 93.9 95.56 96.47 97.38 98.48 99.38 100 100.52 100.81 100.87 102.51 103.4 103.68 104.21
152.1 149.17 144.78 140.79 138.97 138.31 136.58 135.2 134.67 133.9 132.29 130.11 127.42 124.36 120.52 116.69 113.52 110.71 108.13 105.44 101.19 94.4 92.59 91.58 90.67 89.79 89.22 88.82 88.41 88.12 88.18 88.27 87.36 88.01 87.97 88.26 88.28 88.43 88.58 88.62 88.77 88.94 89.02 89.09 89.15 88.94 89.64 89.7 89.67 89.77 89.77 89.87 90.14 90.21 90.23 90.41 90.44 90.4 89.95 91.59 94.35 96.12 97.27 98.19 98.59 99.19 99.75 100.21 100.85 102.01 101.45 102.65 103.81 104.37 104.92
148.59 145.22 141.17 136.4 133.62 132.59 130.85 129.38 127.97 126.24 125.54 124.02 121.65 118.99 116.3 113.56 111.01 108.75 106.76 104.16 100.13 95.54 92.8 91.32 90.22 89.56 89.12 88.77 88.45 88.26 88.29 88.27 87.21 88.13 88.02 88.05 88.33 88.35 88.4 88.6 88.72 88.86 88.87 88.91 88.84 89.14 89.28 89.59 89.44 89.64 89.77 89.84 90.03 90.19 90.26 90.15 90.02 90.54 91.87 94.8 96.05 97.07 97.94 98.39 98.7 99.1 99.49 100.27 101.51 102.18 102.21 102.69 103.9 104.72 105.18
143.87 140.22 136.5 133.04 129.73 127.31 125.55 123.7 122.3 121.19 120.07 118.8 116.86 114.91 112.71 110.34 107.63 105.07 101.48 99.07 97.7 96.44 92.8 91.04 90.1 89.35 88.99 88.63 88.47 88.36 88.3 88.29 87.6 88 88.08 88.23 88.32 88.4 88.53 88.45 88.71 88.89 88.68 88.72 89.2 89.09 89.19 89.55 89.3 89.4 89.56 89.72 89.93 90.11 89.85 89.38 91.03 91.96 92.82 94.24 96.04 97.22 97.91 98.15 97.9 98.44 100.11 101.18 101.87 102.53 102.76 103.2 103.82 104.71 105.4
139.04 135.72 132.56 129.24 126.05 123.73 122.45 120.72 119.07 117.69 115.3 112.42 111.11 109.88 107.9 104.88 103.69 101.05 99.93 100.01 99.27 97.9 93.66 90.69 89.99 89.45 89.02 88.58 88.38 88.3 88.23 88.28 87.79 88.14 88.17 88.35 88.49 88.4 88.42 88.67 88.55 88.82 88.69 88.94 89.16 89.14 89.16 89.5 89.28 89.39 89.45 89.61 89.65 89.58 89.16 90.35 91.4 91.99 92.83 93.6 94.55 95.79 96.48 97.07 98.02 98.79 100.3 101.11 101.83 102.43 102.89 103.63 104.02 104.4 104.73
134.78 131.36 128.33 126.09 123.73 121.74 120.27 117.77 115.04 113.24 111.91 110.98 108.73 108.79 108.48 107.77 106.64 104.8 103.49 102.32 100.37 99.67 96.9 91.37 89.98 89.58 88.97 88.57 88.43 88.2 88.23 88.33 88.41 87.75 88.38 88.31 88.47 88.5 88.39 88.72 88.82 88.82 88.75 88.89 89.13 89.17 89.15 89.56 89.24 89.24 88.83 88.84 89.03 89.43 89.81 90.18 90.42 90.96 91.54 92.55 94.51 95.73 96.36 97.24 98.24 98.91 99.89 101.08 101.76 102.47 102.86 103.48 104.01 104.46 104.94
130.09 127.84 125.84 124.05 121.96 120.1 118.04 116.12 116.76 116.73 115.83 113.82 111.93 112.19 112.15 111.03 108.83 105.93 104.34 102.94 101.8 102.1 102.47 93.19 90.81 89.86 89.19 89.69 88.99 88.36 88.19 88.3 88.44 88.34 88 88.51 88.42 88.52 88.68 88.87 88.79 88.67 88.96 88.93 89 89.13 89.15 89.17 88.97 88.76 89.13 89.17 89.3 89.42 89.54 89.73 89.91 90.59 90.64 91.76 93.89 95.32 96.1 96.98 98.03 98.78 99.42 100.56 101.71 102.24 102.48 103.07 103.89 104.43 104.93
127.84 125.98 124.08 122.49 121.62 121.03 120.21 119.29 119.47 119.07 118 116.07 114.64 114.76 114.12 112.59 111.4 110.52 109.19 107.98 106.08 103.74 106.15 98.44 93.47 90.81 94.02 99.54 91.71 88.75 88.29 88.32 88.36 88.48 88.43 87.85 88.56 88.72 88.49 87.67 88.2 88.24 88.57 88.6 88.72 88.65 88.64 88.63 89.16 89.21 89.24 89.22 89.21 89.27 89.37 89.48 89.59 90.56 90.29 91.75 93.18 94.17 95.23 96.28 97.22 98.1 98.9 99.59 101.02 101.79 102.08 102.7 103.45 104.16 104.73
126.48 125.06 124.25 124.35 124.82 123.92 122.8 122.79 123.06 122.16 120.59 119.24 118.33 117.56 116.01 114.4 113.48 112.6 111.33 110.03 108.26 104.74 107.26 103.91 102.56 96.63 102.47 103.52 95.6 89.77 88.49 88.35 88.41 88.53 88.67 88.08 87.83 88.09 87.85 88.75 88.93 88.28 89.04 88.99 89.02 89.01 89.08 88.93 88.95 89.15 89.35 89.27 89.33 89.29 89.34 89.35 89.57 90.3 90.11 91.47 92.74 93.36 94.19 95.32 96.36 97.24 98.13 99.1 100.11 100.81 101.5 102.22 102.92 103.67 104.42
128.57 128.38 127.83 128.18 128.56 127.74 126.75 125.97 125.19 123.72 122.2 121.46 120.79 119.39 117.7 116.35 115.49 114.5 113.24 112.15 110.34 105.61 108.15 107.58 106.85 102.8 98.93 97.06 94.49 92.38 88.92 88.36 88.49 88.61 88.21 88.51 88.65 88.72 88.82 88.99 88.82 88.05 88.69 88.9 89.29 89.15 89.33 89.42 89.39 89.37 89.22 89.51 89.52 89.41 89.35 89.37 90.1 89.73 90.02 90.86 91.58 92.51 93.39 94.27 95.26 96.21 97.38 98.7 99.54 100.37 101.13 101.83 102.56 103.31 104.16
132.55 132.07 131.41 132.1 132.48 131.81 130.67 129.19 127.5 125.51 124.05 123.24 122.27 120.81 119.24 118.02 117.03 115.94 114.63 113.09 111.52 106.74 110.35 109.38 107.7 105.82 103.14 99.54 97.47 94.24 89.13 88.68 88.59 88.58 88.39 88.51 88.69 88.69 88.83 89.02 88.38 88.17 89.3 88.42 88.83 89.44 89.64 89.56 89.38 89.79 89.72 89.34 89.54 89.15 89.43 89.71 89.73 89.55 89.83 90.04 90.66 91.17 92.24 93.49 94.35 95.54 96.95 98.15 99.09 99.98 100.83 101.53 102.28 103.08 103.93
136.15 135.81 135.45 135.49 135.42 134.49 133.14 131.28 129.17 127.22 125.82 124.61 123.27 121.73 120.18 118.79 117.54 116.26 114.7 113.62 112.91 108.01 111.2 109.81 108.15 106.3 104.05 101.24 98.51 91.87 89.47 89 88.95 88.39 88.91 88.6 88.37 88.71 88.89 89 88.39 88.55 89.14 88.64 89.54 89.63 89.38 89.55 90.27 90.05 89.47 89.87 89.63 89.83 89.34 89.69 89.7 89.6 89.75 89.93 90.19 90.68 91.24 92.53 94.03 95.32 96.61 97.81 98.82 99.7 100.54 101.25 102.01 102.82 103.67
139.45 139.02 138.6 138.13 137.42 136.04 134.44 132.51 130.33 128.55 127.06 125.62 124.33 122.17 120.83 119.16 117.74 116.26 115.12 114.25 113.33 108.91 111.05 109.6 107.96 105.94 103.48 100.66 97.32 90.7 89.98 89.72 89.04 88.54 88.7 88.53 88.43 88.79 88.92 89.1 88.72 89.05 89.15 89.03 89.5 89.65 89.18 90.03 90.43 90.3 90.23 89.27 90.01 89.74 90.24 89.46 89.58 89.62 89.71 89.9 90.11 90.32 90.82 91.78 92.93 94.76 96.16 97.5 98.57 99.42 100.19 100.96 101.71 102.57 103.46
142.26 141.52 140.73 139.75 138.48 136.91 135.04 133.14 131.06 128.82 127.18 125.11 123.08 121.65 120.26 118.83 118.04 116.64 115.41 114.11 112.86 109.61 110.05 108.68 107.44 105.3 102.32 98.84 94.04 89.87 89 89.35 88.79 88.86 88.6 88.48 88.44 88.77 88.87 89.04 89.15 89.33 88.68 89.41 89.52 89.66 89.19 90.08 90.22 90.13 90.19 90.19 89.58 90.28 89.88 90.17 89.62 89.82 89.76 89.75 89.93 90.13 90.5 91.04 91.82 93.63 95.49 96.95 98.13 99.07 99.83 100.68 101.5 102.44 103.25
144.1 142.99 141.78 140.43 138.81 137.07 135.36 133.28 130.9 128.28 125.94 124.74 123.57 121.75 120.62 118.33 116.95 116.22 114.81 113.36 111.86 109.68 108.55 108.14 106.45 104.42 101.6 96.92 91.25 90.18 90.29 89.19 88.86 88.81 88.55 88.48 88.5 88.92 89 89.12 89.24 89.49 89.02 89.49 89.03 89.27 89.53 90.35 90.4 90.33 90.4 90.48 89.9 90.1 89.82 89.8 90.3 89.67 89.83 89.74 89.8 89.97 90.19 90.53 91.02 92.44 94.77 96.2 97.58 98.66 99.52 100.38 101.23 101.95 102.72
145.06 143.41 141.59 140.18 138.45 136.03 133.81 131.79 129.93 126.45 126.23 124.01 122.25 121.57 119.92 117.95 116.96 114.73 113.73 112.88 110.7 108.69 108.34 107.54 105.2 102.97 99.36 93.8 90.56 90.05 90.06 89.48 89.86 89.55 88.85 88.64 88.62 89.1 89.26 89.31 89.55 89.9 89.78 89.68 90.05 90.28 90.6 90.45 90.55 90.57 90.65 90.68 90.62 89.71 90.24 90.14 89.97 90.52 89.51 89.75 89.98 89.86 89.97 90.26 90.6 91.52 93.93 95.73 97.03 98.2 99.18 100.01 100.69 101.53 102.32
144.86 143.06 140.85 139.09 136.59 134.06 131.56 129.76 126.81 125.29 124.13 121.87 121.82 120.92 118.4 117.78 116.06 113.89 113.25 111.33 109.37 108.4 107.91 106.04 103.88 101.89 95.82 91.11 90.3 90.09 89.64 89.77 89.74 90.03 89.96 89.28 88.82 89.31 89.78 89.86 90.01 90.22 90.23 90.45 90.66 90.65 90.63 90.95 91.27 90.96 90.66 90.85 90.86 90.39 90.16 90.43 90.18 90.24 90.74 89.52 89.87 90.08 90.06 90.08 90.42 90.96 92.37 95.32 96.28 97.54 98.58 99.36 100.16 101.07 101.95
143.59 141.82 139.26 136.77 133.96 131.41 129.53 126.89 124.17 123.88 122.27 121.69 120.57 118.26 117.78 117.03 115.49 113.74 112.62 110.62 108.87 108.31 107.17 104.66 102.85 99.11 93.21 90.6 89.92 89.77 89.89 89.84 89.8 89.65 89.83 90.02 89.87 90.02 90.09 90.05 90.24 90.89 91.55 91.4 91.17 91.41 91.47 91.94 91.5 91.57 90.89 90.87 90.99 90.94 90.39 89.93 90.42 90.23 90.16 90.79 89.58 89.61 89.79 89.97 90.42 90.82 91.4 94.54 95.65 96.53 97.59 98.41 99.45 100.61 101.62
140.59 138.35 135.96 133.25 130.87 128.68 126.91 123.7 122.84 123.19 121.46 119.7 118.21 117.62 117.07 115.39 113.41 113.23 111.09 108.52 108.94 107.67 105.06 102.84 100.35 95.86 92.02 90.32 90.12 89.64 89.87 89.83 89.95 89.8 89.74 89.71 89.81 89.9 90.02 90.32 90.77 91 91.56 92.35 93.2 93.25 92.71 92.58 92.45 92.39 92.21 90.93 91.03 91.11 90.95 89.77 90.53 90.52 90.44 90.26 90.97 89.83 90.59 90.56 90.17 90.65 90.98 92.68 95.1 95.46 96.26 97.3 98.83 100 101.05
135.31 134.91 132.56 130.08 127.9 126.12 123.75 122.56 122.1 122.04 120.51 118.12 117.32 116.9 114.77 113.26 112.4 112.37 109.67 107.58 107.51 106.15 104.4 101.51 98.15 94.1 92 90.44 89.89 89.81 90.08 90.02 89.92 90.03 89.83 89.78 90.04 90.28 90.78 90.86 91.25 91.33 93.14 93.63 93.45 93.35 93.18 93.09 93.15 93.1 92.86 91.86 91.05 91.24 90.9 90.01 90.2 90.64 90.71 90.56 90.32 91.48 91.68 91.36 90.39 90.65 90.89 91.19 93.11 94.91 95.33 96.35 97.88 99.19 100.35
