GSIF2018/1_Geostatistics/practical/geul_dem.txt
ncols         80
nrows         80
xllcorner     190000
yllcorner     314000
cellsize      25
NODATA_value  -9999
[rows 0 to 33 of 80, columns 0 to 74 of 80]
86.21 85.02 84.57 84.64 84.27 84.16 84.13 83.55 82.91 82.9 83.03 83.09 83.16 83.35 83.4 83.45 84.14 84.62 84.55 83.89 83.72 82.84 83.54 83.76 84.39 87.91 88.99 92.74 94.15 93.59 97.01 99.08 100.86 102.35 104.59 105.59 106.65 108.7 110.08 110.83 110.76 113.99 118.74 120.98 123.26 125.36 127.46 129.07 130.73 132.96 134.13 134.96 134.9 134.36 133.94 134.14 135.33 136.73 140.55 145.89 149.33 152.03 154.1 156.06 157.42 158.65 158.86 161.83 163.42 164.76 165.98 167.06 167.82 168.34 168.38
88.26 86.13 85.06 84.54 84.39 84.55 84.44 84.15 83 83.11 83.25 83.28 83.31 83.39 83.39 83.59 84.31 84.6 84.58 84.2 83.83 83.78 83.04 83.81 84.34 86.82 88.72 90.31 92.71 92.91 95.43 98.72 100.5 102.09 104.24 105.39 106.18 107.71 109.75 110.62 110.84 111.03 116.87 119.78 121.92 123.97 125.67 127.47 128.28 129.86 131.45 131.67 131.18 130.8 131.06 132.23 133.16 137.26 143.29 147 149.82 152.13 154.17 156.19 157.6 158.88 160.13 160.32 163.58 164.97 166.01 167.08 168.11 168.66 168.88
91.35 88.42 86.49 85.45 84.57 84.7 84.74 84.58 83.63 83.24 83.43 83.44 83.65 84.03 83.61 83.48 83.89 84.55 84.64 84.51 83.83 83.93 83.34 83.62 84.45 86.73 89.04 89.76 91.17 92.55 94.68 97.7 100.09 101.76 103.32 105.2 105.75 107.04 108.89 110.4 110.9 110.87 112.45 118.4 120.67 122.58 124.26 125.7 126.76 127.09 127.66 127.74 127.71 128.12 129.24 129.76 133.15 139.67 143.9 147.29 149.72 151.87 153.89 155.75 157.3 158.78 160.15 161.12 162.19 163.83 164.94 166 167.25 168.09 168.73
93.66 90.61 88.05 86.23 84.98 84.66 84.88 84.79 84.23 83.66 83.6 84.11 84.55 84.24 83.91 83.63 83.53 84.42 84.67 84.55 84.09 83.9 83.72 83.3 84.67 86.82 88.93 89.33 92.3 94.11 94.16 97.14 98.71 99.46 102.44 104.75 106 106.58 108.23 110.05 110.97 110.88 110.76 113.83 119.32 121.17 122.75 123.78 124.6 124.65 124.5 124.42 125.12 126.51 126.11 130.88 137.1 140.77 144.27 147.19 149.54 151.68 153.62 155.33 156.83 158.38 159.79 161.1 162.27 163.6 164.43 165.51 166.96 167.83 168.41
94.82 92.29 89.63 86.75 85.32 84.79 84.95 84.68 84.58 84.2 83.96 83.87 83.87 83.86 84.11 83.34 83.46 84.05 84.51 84.5 84.32 83.95 83.95 83.07 84.66 86.72 93.23 89.71 93.28 94.42 94.31 94.64 96.11 99.01 101.64 104.22 105.45 105.99 107.41 109.14 110.85 110.73 111.13 110.92 115.98 119.58 120.88 121.65 121.85 121.9 121.97 122.32 123.49 124.18 128.81 135.85 138.37 141.33 144.26 146.79 149.09 151.05 152.86 154.52 156.06 157.67 159.29 160.36 161.43 162.85 163.58 164.23 165.33 166.56 167.44
95.81 93.29 90.65 86.83 85.41 84.77 84.83 84.57 84.32 84.23 84.31 83.99 83.92 84.21 84.35 83.48 83.22 83.88 84.49 84.56 84.51 84.08 84.22 83.46 84.57 85.7 86.72 88.73 92.95 94.16 94.41 94.07 96.23 99.45 101.56 103.1 104.92 105.75 106.91 108.42 110.31 110.52 112.87 112.33 111.74 117.31 118.79 119.31 119.26 119.09 119.76 121.64 121.86 128.22 131.45 136.29 138.8 141.16 143.55 145.73 148.07 150.04 151.67 153.32 155.13 156.76 158.07 159.15 159.47 161.19 162.14 162.75 163.43 163.94 164.87
96.18 93.47 90.95 86.97 85.62 84.78 84.42 84.27 84.13 84.51 84.6 84.32 84.05 84.19 84.11 83.97 83.75 84.32 84.47 84.59 84.59 84.38 84.39 84.42 84.95 85.45 86.72 87.55 90.4 93.32 93.67 94.27 95.11 99.61 100.87 102.47 104.04 105.28 106.87 107.7 109.14 110.06 112.35 114.32 111.74 113.01 116.79 116.83 116.7 117.1 118.95 119.21 125.03 129.36 131.99 134.63 139.13 140.44 142.15 144.33 146.63 148.56 150.55 152.48 154.03 155.33 156.64 157.65 157.46 157.48 159.56 160.97 161.09 161.58 162.33
96.56 93.77 91.11 87.87 85.95 84.88 84.46 84.16 84.49 84.66 84.72 84.77 84.12 83.92 83.91 84.02 84.49 84.44 84.44 84.61 84.59 84.38 84.33 84.44 84.88 85.18 86.72 86.72 89.1 90.82 93.49 94.95 95.16 96.97 99.59 101.75 103.21 105.11 106.25 106.99 108.04 109.53 109.12 113.64 112.02 111.38 113.36 114.47 114.82 115.56 117 120.74 126.95 129.58 132.07 133.01 137.09 139.48 140.45 142.32 144.55 147 149.44 151.27 152.71 153.98 155.11 156.05 156.29 156.35 156.97 158 158.36 158.11 157.92
97.5 95 92.47 89.09 86.57 85.16 84.67 84.59 84.7 85.01 85.24 84.97 84.47 83.91 83.9 84.27 84.89 84.48 84.47 84.49 84.42 84.51 84.5 84.45 84.8 85.65 85.82 85.82 89.54 89.14 92.22 95.07 95.87 95.4 97.46 101.16 102.85 104.43 105.96 106.63 107.45 108.54 108.75 109.18 110.18 110.44 111.14 112.97 114.45 116.57 120.58 123.11 126.08 129.3 131.42 132.7 133.69 136.8 138.44 140.01 142.52 145.52 148.15 150.14 151.71 152.67 153.56 154.27 154.39 154.52 154.37 154.37 153.42 153.39 153.53
99.4 97.13 94.47 90.42 87.46 85.55 84.74 84.65 84.72 85.48 85.64 85.5 85.38 84.08 84.08 84.41 84.59 84.37 84.54 84.6 84.74 84.65 84.51 84.52 84.77 85.27 85.74 85.82 88.25 89.09 91 93.13 93.11 93.17 95.13 98.23 101.34 103.27 105.33 105.7 106.68 107.33 108.26 107.02 109.69 109.5 109.84 111.45 114.11 117.19 119.92 122.71 125.45 128.42 130.27 131.74 132.51 133.29 136.22 138.46 141.32 144.45 147 148.96 150.52 151.4 151.89 152.13 151.96 151.86 151.27 150 149.79 149.59 149.53
102.03 99.64 96.73 92.18 88.19 86.17 84.95 84.91 84.76 85.29 85.69 85.75 85.6 84.58 84.24 84.23 84.48 84.55 84.48 84.31 84.56 84.8 84.64 84.51 84.91 85.06 85.66 85.82 89.81 87.78 90.13 91.37 91.13 92.09 93.73 95.01 98.09 102.31 104.07 104.26 105.46 105.72 106.01 105.39 107.41 109.37 109.88 110.48 112.11 115.44 119.83 123.1 124.33 126.88 128.79 129.41 129.28 131.37 133.73 137.86 140.53 143.27 145.5 147.56 149 149.82 150.14 150.21 149.71 148.49 147.05 146.2 145.63 145.52 145.61
104 101.58 98.55 94.06 89.47 86.52 85.48 84.6 85 85.21 85.55 85.49 84.55 84.22 84.34 84.8 85.01 84.43 84.77 84.94 84.31 84.83 84.78 84.69 85.38 85.85 86.17 86.12 86.74 87.27 87.89 89.66 91.66 92.06 93.55 95.16 96.28 101.04 102.63 102.76 102.46 103.6 104.74 105.55 106.45 109.31 109.81 110.09 111.19 112.54 115.83 120.6 122.59 124.47 125.81 126.04 127.44 129.7 132.43 136.37 139.09 142.03 143.93 145.68 147 147.84 147.94 147.73 146.28 144.69 143.44 142.01 141.27 141.24 140.99
105.99 102.85 99.72 95.68 91.34 86.81 85.59 84.5 85.2 85.47 85.26 84.67 84.3 84.3 84.4 84.71 85.02 84.69 84.43 84.57 85.02 84.82 85.19 85.87 86.26 86.1 86.19 86.27 86.32 87 88.22 90.82 92.26 92.58 93.79 95.24 96.65 98.36 99.83 101.07 102.19 103.47 103.99 104.01 104.84 108.26 109.7 110.02 110.27 112.83 113.15 116.03 120.32 122.08 122.88 125.18 126.54 128.95 131.96 135.24 138.05 140.12 142.34 143.62 144.82 145.4 145.65 144.11 142.76 141.12 139.31 137.79 136.9 136.53 136.03
107.57 104.06 100.68 97.13 92.75 86.97 85.47 84.73 84.7 84.78 84.71 84.91 84.28 84.47 84.53 84.63 84.88 84.94 84.97 85.12 85.07 84.94 85.09 85.75 85.14 85.47 85.58 85.56 85.82 86.4 87.89 89.91 92.43 92.97 94.1 97.15 98.18 97.96 99.81 101.37 101.84 101.98 101.97 102.9 104.28 107.02 109.47 109.82 109.98 110.86 115.69 114.04 115.84 120.1 120.95 123.13 126 128.69 131.33 133.55 136.17 137.56 140.39 141.8 142.57 142.85 141.78 140.88 139.25 137.17 135.21 133.78 133.07 133 132.28
108.25 104.78 101.72 98.6 93.38 87 85.56 84.94 84.74 84.61 85.56 85.56 84.79 84.52 84.58 84.71 84.88 84.85 84.91 84.82 84.87 84.62 85.13 85.59 84.74 85.02 85 85.23 85.5 86.07 87.07 88.55 91.09 92.32 94.68 96.7 97.58 97.63 98.49 100.45 100.7 100.58 101.18 102.24 104.14 106.61 109.13 109.7 109.76 110.83 114.53 116.2 114.34 114.43 119.18 121.98 125.89 127.96 130.18 132.54 134.59 136.08 137.5 139.13 140.25 139.49 138.54 137.52 135.63 133.39 131.55 130.17 129.62 129.35 129.07
110.71 106.88 103.72 100.29 93.82 87.68 85.73 85.27 84.63 84.79 85.73 85.41 85.04 84.99 84.81 84.74 84.64 84.55 84.69 84.72 84.76 84.62 85.27 85.34 84.79 84.95 84.96 84.9 85.04 85.63 86.74 87.72 89.76 92.09 94.04 95.7 96.78 96.74 97.45 98.74 99.04 99.58 100.7 102.09 104.39 106.56 108.83 109.8 110.49 112.4 113.68 114.63 115.33 115.01 113.56 118.33 124.28 127.68 129.34 131.41 132.79 133.73 133.95 131.96 133.54 135.33 135.24 134.04 132.16 130.01 128.29 127.16 126.88 127.24 127.56
114.2 110.17 106.57 102.95 95.9 88.48 85.93 85.48 84.71 84.85 85.64 85.02 84.83 85.08 85.37 84.63 84.62 84.62 84.72 84.74 84.71 84.75 85.44 85.06 84.94 84.92 84.92 84.99 84.94 85.46 86.66 87.83 89.41 91.06 92.7 94.24 95.58 96.14 96.11 97.6 98.01 99.23 100.92 102.43 104.2 106.01 107.97 109.38 110.04 111.14 111.98 112.81 113.98 115.93 116.85 114.05 116.2 123.68 128.29 129.87 131.04 131.66 131.34 131.39 132.09 132.61 132.02 130.56 128.79 126.89 125.42 124.81 124.83 125.68 127.33
118.1 114.58 110.32 105.96 99.05 90.14 86.54 85.69 85.01 86.03 85.45 84.95 84.89 84.76 85.27 84.78 84.68 84.73 84.8 84.78 84.81 84.81 85.55 84.88 85.05 85.08 85.07 85.08 85.25 85.74 86.53 87.73 88.61 89.41 91.01 92.56 93.75 95.03 95.64 97.17 98.49 99.2 101.14 102.38 103.75 105.33 106.61 107.76 108.81 109.55 110.57 111.81 113.4 115.53 118.12 119.83 116.3 114.34 119.5 126.2 129.08 129.85 130.35 130.43 130.41 129.9 128.75 127.02 125.37 124.04 123.14 123.57 125.57 127.95 129.29
122.6 117.84 113.98 109.54 103.1 93.18 88.13 86.93 86.03 86.63 85.52 85.05 84.91 84.65 84.59 84.67 84.8 84.81 84.85 84.86 84.88 84.89 85.78 84.88 85.13 85.17 85.25 85.26 85.35 85.76 86.24 87.09 87.95 88.43 89.31 90.72 91.75 93.42 95.27 96.6 98.5 99.14 100.92 102.09 103.01 104.12 105.13 106.17 107.52 108.86 110.12 111.54 113.39 115.53 117.76 119.77 121.47 119.74 115.03 115.52 121.91 127.16 128.2 128.06 127.58 126.89 125.65 123.39 122.04 121.25 121.63 125.33 128.44 130.63 132.33
126.99 121.75 116.81 113.22 107.87 98.65 91.49 88.5 87.22 87.05 85.73 85.78 85.05 84.73 84.81 84.77 84.82 84.87 84.9 84.93 84.98 85.05 85.7 84.84 84.89 85.01 85.29 85.27 85.31 85.54 86 86.59 87.38 88.13 88.79 89.56 90.6 92.17 94.16 96.15 97.9 99.14 100.4 101.9 102.41 103.15 104.08 105.31 106.84 108.57 110.06 111.62 113.36 115.14 116.86 118.52 120.06 121.49 121.72 118.48 114.7 116.91 122.4 125.34 124.94 123.54 121.36 120.12 119.2 119.88 123.11 126.96 130.69 133.31 134.76
129.63 124.1 119.07 114.73 110.77 105.23 98.16 92.59 88.37 87.34 86.2 85.8 85.02 84.9 84.91 84.84 84.93 85.02 85 85.21 85.21 85.33 85.69 84.84 84.98 85.15 85.07 85.26 85.4 85.7 85.96 86.32 86.84 87.84 88.59 89.16 89.6 91.14 93.39 95.81 96.55 98.29 99.32 101.58 102.25 102.73 103.63 105.08 106.65 108.3 110.03 111.52 112.92 114.4 115.85 117.23 118.59 119.96 120.81 121.56 121.28 117.8 115.05 116.93 119.12 118.47 117.93 117.37 117.81 120.44 124.33 129.15 132.38 134.1 135.67
127.77 122.86 118.91 114.94 111.32 107.94 104.11 99.02 92.36 88.12 86.35 85.96 85.5 85.15 85 85.03 85.05 85.14 85.22 85.34 85.31 85.54 85.69 85 85.02 85.11 85.22 84.75 85.33 85.46 85.78 86.01 86.43 87.2 87.94 88.65 89.12 90.18 92.09 93.79 95.21 96.81 98.44 100.37 101.87 102.32 103.62 105.09 106.43 107.75 109.63 111.09 112.28 113.48 114.71 115.95 117.21 118.37 118.94 119 119.58 120.23 118.98 116.42 114.86 114.84 115.85 116.17 118.29 121.94 126.81 130.24 132.27 133.96 134.85
124.93 121.27 117.9 114.45 110.52 107.44 104.23 99.39 93.67 89.38 86.82 86.25 85.65 85.33 84.99 85.07 85.16 85.21 85.31 85.37 85.35 85.82 86.09 85.75 85.32 85.31 85.43 85.28 85.09 85.04 85.51 85.8 86.18 86.72 87.62 88.16 89.05 89.67 91.1 92.54 94.25 95.9 97.66 99.73 101.5 102.42 103.56 104.92 106.28 107.21 108.95 110.4 111.36 112.3 113.48 114.68 115.75 116.58 116.92 116.57 116.51 116.11 115.28 114.59 114.24 114 114.41 115.29 117.18 121.97 127.33 130.08 131.9 133.16 133.83
122.28 119.26 115.88 111.7 108.81 105.78 101.88 96.56 92.35 89.76 87.41 86.35 85.7 85.35 85.25 85.13 85.2 85.33 85.46 85.33 85.46 85.97 86.37 86.01 85.79 85.54 85.62 85.58 85.44 85.26 85.51 85.8 86.09 86.47 86.93 87.38 87.96 88.68 90.34 91.85 93.75 95.55 96.82 99.09 101.07 102.55 103.38 104.49 105.59 106.42 107.79 109.39 110.34 111.23 112.24 113.19 114.02 114.45 114.67 114.34 113.23 112.52 112.31 112.28 112.62 113.14 114.62 117.43 117.67 115.5 116.6 121.16 126.95 131.1 132.64
119.49 115.76 112 109.1 106.27 103.03 98.3 93.26 91.71 89.46 87.54 86.5 85.64 85.32 85.19 85.22 85.28 85.3 85.44 85.41 85.58 86.22 85.99 85.82 85.62 85.52 85.46 85.52 85.62 85.28 85.52 85.74 85.97 86.31 86.9 87.41 87.26 87.69 89.47 90.9 92.95 95.02 96.66 97.68 100.34 101.94 103.06 103.71 104.55 105.54 106.87 108.31 109.38 109.99 110.72 111.43 111.81 111.87 111.72 110.97 110.3 110.28 110.65 111.29 112.07 112.98 115.43 119.8 123.19 123.85 120.56 116.41 115.56 118.72 124.04
114.96 111.83 108.44 105.55 102.93 99.07 95.18 93.58 92.25 89.33 87.7 86.36 85.69 85.34 85.3 85.25 85.29 85.37 85.44 85.42 85.64 86.25 85.6 85.94 86.03 85.96 85.71 85.58 85.45 85.48 85.51 85.78 86.41 86.82 87.24 87.26 87.45 87.58 88.23 90.02 92 93.95 96.04 97.65 98.18 101.09 102.45 103.23 103.8 104.82 105.89 106.95 108.05 108.36 108.54 108.84 109.02 109.06 108.76 108.45 108.45 108.73 109.28 110.8 112.31 113.59 117.26 120.56 122.76 124.48 125.5 125.19 122.38 118.04 115.94
111.46 108.15 104.68 101.16 99.5 98.66 98.67 99.39 97.25 89.89 87.36 86.17 85.72 85.43 85.26 85.32 85.32 85.4 85.48 85.51 85.59 86.37 85.61 85.69 85.86 86.1 85.84 85.82 85.71 85.61 85.65 85.77 86 87.15 87.44 88.04 87.76 87.79 88 89.02 91.03 93.28 95.45 97.22 97.67 99.35 101.3 102.63 102.98 103.79 104.79 105.49 106.37 106.22 105.91 106.02 106.35 106.43 106.82 106.83 107.08 108.09 109.76 111.79 113.9 116.15 118.13 120.04 121.66 122.79 123.6 124.18 124.58 123.45 122.14
107.37 103.95 102.71 103.51 103.53 103.46 104.33 104.57 102.4 95.18 87.34 86.16 85.66 85.39 85.39 85.47 85.55 85.5 85.52 85.55 85.73 86.41 85.87 86.01 85.63 86.07 85.89 85.89 85.78 85.75 85.87 85.89 85.54 86.26 86.51 86.97 87.59 87.83 88.06 88.91 90.89 92.8 94.65 96.79 97.54 98.07 100.12 101.5 102.03 102.59 103.43 103.5 103.81 103.83 104 104.12 104.32 104.75 105.37 106.01 107.41 109.37 111.57 113.56 115.1 116.49 117.77 118.82 119.8 120.61 121.48 120.55 120.15 121.32 121.43
107.12 107.18 106.61 106.74 108.17 110.2 110.53 108.9 106.02 99.84 88.23 85.92 85.58 85.5 85.48 85.54 85.52 85.69 85.8 85.78 86.06 86.38 85.92 86.08 85.71 86.13 85.97 85.95 85.81 85.87 85.94 86.11 85.78 85.18 87.04 86.83 87.68 88.13 88.17 88.64 90.58 92.45 94.2 96.09 97.14 97.4 99.14 100.09 100.85 100.91 101.58 101.2 101.55 101.91 102.43 103.1 103.38 104.01 105.26 106.76 108.8 110.99 112.67 113.79 114.59 115.34 116.3 117 117.6 117.13 116.7 118.16 118.82 118.6 118.04
110.08 110.52 111.49 112.85 115.02 116.69 117.44 113.37 107.9 101.23 91.07 86.37 85.61 85.55 85.59 85.68 85.78 85.91 85.84 85.98 86.58 86.25 86.07 86.22 85.98 85.68 86.1 86 85.96 86.05 86.1 86.18 86.5 85.24 86.29 87.62 87.75 88.1 88.17 88.4 90.16 92.38 93.61 95.17 96.43 97.12 98.31 98.66 99.49 99.79 100.84 100.22 100.61 101.11 101.6 102.26 103.18 104.15 105.85 108.1 110.13 111.52 112.36 112.89 113.35 113.7 113.99 113.39 113.65 115.28 116.02 115.97 115.32 114.47 113.84
115.01 116.22 117.85 120.05 121.89 123.94 123.27 117.7 110.42 103.64 94.68 88.56 86.5 85.93 85.79 85.78 85.9 85.9 85.95 86.12 86.88 86.29 86.28 86.1 85.81 86.16 86.1 86.16 86.18 86.21 86.32 86.3 86.31 86.77 87.06 87.65 87.93 87.81 88.09 88.34 90.05 92.37 93.47 94.79 95.82 96.56 97.27 97.32 97.98 99.35 100.63 100.13 100.28 100.79 101.7 103.33 104.95 105.16 106.57 108.72 110.24 111.02 111.46 111.71 111.84 111.06 110.52 111.74 112.66 113.17 113.36 113.06 111.5 109.07 107.73
120 122.02 124.98 127.82 130.29 131.33 128.14 120.47 112.49 105.76 99.59 93.11 89.67 88.46 87.3 86.31 85.95 85.97 86.16 86.47 87.06 86.3 86.37 85.93 86.44 86.31 86.09 86.11 86.25 86.32 86.44 86.52 86.38 86.51 87.33 87.61 87.73 87.53 87.94 88.52 90.16 92.52 93.54 94.64 95.26 95.74 96.85 97.11 97.38 98.57 99.71 100.5 100.33 101.5 103.03 104.44 105.75 106.7 107.42 108.66 109.59 110.03 110.32 109.59 108.62 108.6 109.1 109.68 110.07 110.27 110.24 109.37 106.24 102.46 101.03
126.68 129.05 132.61 136.08 138.16 137.45 131.87 122.49 114.46 107.84 103.24 98.45 94.41 91.83 90.13 88.26 86.62 86.17 86.6 87.04 87.21 86.47 86.42 86.34 86.02 86.56 86.39 86.37 86.28 86.44 86.56 86.68 86.64 86.54 86.79 87.05 87.08 87.5 88.08 88.72 90.06 92.29 93.32 94.12 94.65 95.13 96.18 96.98 96.98 97.67 99.25 100.8 100.89 102.09 103.3 104.47 105.57 106.62 107.26 107.84 108.38 108.24 107.12 106.81 106.54 106.42 106.72 107.28 107.4 107.27 106.78 104.69 101 98.55 97.86
133.56 136.03 140.12 143.47 144.54 142.19 134.9 125 116.71 110.69 105.53 101.48 98.35 95.92 93.38 89.74 87.25 86.44 86.87 87.1 87.28 86.53 86.51 86.39 85.8 86.68 86.73 86.71 86.44 86.47 86.73 86.83 86.81 86.77 86.74 87.01 87.25 87.55 88.02 88.73 89.48 91.51 92.88 93.81 94.63 95.47 96.41 96.82 97.12 97.85 99.19 100.06 100.89 102.02 103.09 104.02 104.81 105.52 106.01 105.88 105.88 105.69 106.16 105.16 104.21 104.06 104.32 104.59 104.22 103.71 102.63 100.31 97.78 96.75 96.48
