GSIF2018/6_Uncertainty/practical/geul_slope.txt
ncols         80
nrows         80
xllcorner     190000
yllcorner     314000
cellsize      25
NODATA_value  -9999
[rows 27 to 53 of 80, columns 0 to 61 of 80]
7.567358 4.906859 3.395319 6.234808 9.77906 12.33148 12.62595 11.54134 14.72622 17.98112 10.61111 2.191484 0.7845894 0.3213642 0.210712 0.2741808 0.2736115 0.3333966 0.3543503 0.4431547 0.9756513 0.2337205 0.5877011 0.2973287 0.1696763 0.2180243 0.2639321 0.2026108 0.2350162 0.2703527 0.3901526 0.2535605 0.6839865 1.863068 1.607998 1.220108 0.8465695 0.5268104 1.120425 3.190541 4.571026 4.550762 4.627027 3.337174 2.087419 3.617216 4.44967 3.383075 3.015564 3.524308 4.036663 4.792999 5.245191 4.841085 4.083016 3.563928 3.31124 2.968989 2.283825 2.256294 3.92599 5.189138
3.983348 7.124282 9.504658 11.2162 13.16811 14.48661 13.62816 11.75145 13.31473 19.48413 14.97835 3.747015 0.7003928 0.1945098 0.2357135 0.2728907 0.3485123 0.4273164 0.4326034 0.7179794 0.8740356 0.2800153 0.322002 0.3512566 0.184506 0.2654205 0.07470451 0.2391699 0.2319228 0.3215939 0.3696526 0.5120869 0.7750886 1.010658 1.844611 1.150407 1.183139 0.5837926 0.6875402 2.799107 4.480911 4.199071 4.189779 3.656807 2.164996 2.787169 3.641713 3.421489 3.26055 3.298411 3.26876 3.533621 3.627103 3.2694 2.898988 2.3462 1.840497 2.207026 3.144285 4.373996 5.158213 4.615123
9.01146 10.63756 12.82946 14.87192 15.78158 15.2745 14.05508 14.12955 14.57607 19.2076 17.17714 7.170476 1.944447 0.6463366 0.3720425 0.3679614 0.4048316 0.3011409 0.2755245 0.8990958 0.6587603 0.579886 0.2439265 0.2849829 0.2869631 0.2410838 0.1946363 0.283018 0.3700963 0.4389122 0.4063693 0.4112673 1.054077 1.161441 2.202133 1.381766 0.7500944 0.4475769 0.5202428 2.415652 4.535628 4.007633 3.428336 3.39881 2.42212 2.490977 2.814325 3.24433 3.231587 2.641351 1.410338 1.271809 1.627594 1.725404 1.85337 2.140127 2.271596 2.932664 4.38081 4.893318 4.069545 2.735055
11.49563 13.48324 15.57143 16.98527 17.22963 15.46491 14.22834 16.38785 16.37732 18.03039 17.80804 11.60372 5.925589 3.490766 2.100806 0.9389027 0.2974116 0.2043853 0.4471367 1.124751 0.4478152 0.732271 0.2461037 0.2798101 0.3611405 0.5000222 0.209109 0.1522383 0.2937186 0.3779947 0.3973844 0.2736415 0.3924804 1.18064 1.779594 1.070249 0.2721981 0.4823122 0.7219 2.327794 4.585907 3.910545 2.795074 2.72578 2.245301 2.389109 2.101262 2.109791 2.761788 3.041143 1.449353 0.2591943 0.920058 1.949951 3.05015 3.906545 3.600939 3.419734 4.132843 3.991799 2.748865 2.219306
13.59507 15.47077 17.36744 18.32693 17.55812 14.76216 15.56225 18.12001 16.85274 15.85076 16.36915 14.49133 10.38451 7.39105 5.384534 3.356765 1.41998 0.562138 0.9312256 1.252077 0.5469406 0.8283469 0.3639022 0.3166564 0.4254109 0.3725936 0.3805048 0.2464702 0.2398894 0.3241104 0.3758174 0.3812805 0.2484601 0.8102307 1.100667 0.8699993 0.7586976 0.6201745 1.068538 2.409125 4.460975 3.845451 2.449243 2.176381 1.910645 2.293468 1.904437 1.08236 1.983371 3.196074 2.472584 0.7429169 1.454216 2.97902 3.486147 3.390198 2.670095 2.256668 2.553142 2.744838 2.624691 3.389503
15.6362 17.05531 18.2278 17.78757 15.43857 13.8179 17.94686 19.67827 16.96306 14.21001 13.44382 13.1745 11.48567 9.556317 7.902195 5.802218 2.910611 0.8471896 1.100496 0.9585239 0.6547748 0.9019474 0.3547901 0.4297103 0.3431254 0.433513 0.6635262 0.5901117 0.3252479 0.3724173 0.4213404 0.3873237 0.4217493 0.3534227 0.8041318 0.7778361 0.5885662 0.8598495 1.325149 2.188241 4.028857 3.923731 2.483917 1.948135 1.526816 1.89823 1.884212 0.8923452 1.192 2.637041 3.04245 1.621796 1.623464 2.822605 2.777382 2.617522 2.513436 2.240847 2.371859 3.292507 4.196328 4.750007
16.32247 16.89267 17.18247 15.13478 12.29038 13.94425 19.78053 20.58245 16.89291 13.843 11.86947 10.5859 9.832531 9.09067 8.846762 7.719565 4.211833 0.831471 0.773393 0.6448622 0.6580499 0.8620794 0.2344568 0.6101299 0.1563867 0.6593081 0.3841111 0.0894988 0.1454565 0.293523 0.3532834 0.1160149 0.167044 0.2417297 0.3755771 0.494527 0.582047 0.9927639 1.434528 1.812917 3.162812 3.843921 3.01975 2.37835 1.871009 1.770423 1.565212 1.040565 1.348972 2.587429 2.654206 1.906673 2.041202 2.518821 2.482652 2.502338 2.723691 2.996503 3.470579 4.073726 3.947204 3.432003
16.38605 15.37461 13.8863 10.62154 9.18775 14.19484 20.52802 20.98123 16.88063 13.75925 11.63156 9.658947 8.406177 7.685347 9.048976 9.408157 5.604569 1.594764 0.6372975 0.7034672 0.7513185 0.7088703 0.3115353 0.7031522 0.3805911 0.46187 0.4011048 0.210712 0.1191558 0.0975711 0.3210576 0.2733414 0.2016364 0.1673385 0.3371417 0.4497718 0.586667 1.052457 1.546313 1.630086 2.160606 3.021255 3.206095 3.082972 2.318223 1.598071 1.48925 1.389372 2.146265 2.981983 2.113752 1.595586 2.047902 2.37365 2.470838 2.548672 2.772172 3.186255 3.251583 2.796537 2.462661 2.777542
14.40718 12.86271 10.27037 6.817225 7.252503 13.89927 20.26049 20.88966 17.19151 13.6603 11.36893 9.57526 8.347733 7.291986 8.758262 10.40786 7.191739 2.514654 0.7512639 0.6074206 0.9082563 0.5419214 0.517586 0.8730964 1.122218 0.8470637 0.5194851 0.113512 0.5447456 0.413099 0.2157539 0.1598127 0.3221294 0.3025276 0.253269 0.2811852 0.6331509 1.12677 1.434339 1.503143 1.763804 2.419699 3.147146 3.225778 2.476197 1.828407 1.474526 1.066702 2.244174 3.658584 2.348907 1.339865 1.75589 2.17623 2.388217 2.56362 2.902543 2.956991 2.583 2.452927 2.907903 3.793258
10.27271 10.00104 7.985659 5.440132 6.807052 13.61732 19.67535 20.44639 17.58301 14.0346 11.49638 9.679987 8.707585 7.796519 8.16427 10.57926 9.320677 3.891097 0.4927649 0.223746 0.8929059 0.4113471 0.5590934 0.4680298 0.9405789 0.188336 0.276743 0.3250459 0.8692068 0.5372372 0.5517505 0.3812805 0.371866 0.3423592 0.1582127 0.2001247 0.6359571 1.032207 1.224631 1.434116 1.760715 2.284757 3.034339 3.190426 2.802519 2.486727 2.240481 1.576356 1.781449 3.827178 3.194105 1.388722 1.484839 1.982127 2.358787 2.644408 2.889892 2.752839 2.822429 3.32761 3.849418 4.530811
5.549311 5.529821 5.175258 4.929674 6.688617 13.168 19.09953 19.96614 17.7249 14.75199 12.40924 10.5465 9.063526 8.446053 7.906085 10.26887 10.95783 5.25948 0.902293 0.3764283 0.8539515 0.2204946 0.5000715 0.3868361 0.7127374 0.2520998 0.2834815 1.182875 0.9560815 0.5496196 0.5214244 0.4231479 0.4107682 0.3616855 0.2347366 0.3000489 0.5634794 0.7936251 0.970035 1.201104 1.541071 2.083219 2.834033 3.546996 3.890185 3.968737 3.911763 3.434054 2.682164 3.872391 3.844193 1.860621 1.501309 1.835293 2.180464 2.386859 2.700892 3.121302 3.560134 4.101753 4.763451 5.490016
2.605397 2.269392 2.74541 4.049333 6.191569 11.96947 18.14306 19.87641 18.36691 15.77887 13.46986 11.88831 9.635841 8.770458 8.163143 11.41401 12.12384 4.745595 1.176799 0.9450428 0.9662642 0.1834354 0.4267784 0.4846037 0.6403034 0.7884389 0.9548193 1.028313 0.3139495 0.3045284 0.4766472 0.483875 0.474715 0.5017916 0.4347039 0.4307403 0.4842141 0.5372525 0.7543158 1.026109 1.315733 1.764844 2.327934 3.122179 4.012123 4.622444 4.748389 4.281573 3.412336 4.079982 4.109189 2.634756 2.094358 2.134355 2.197337 2.324273 2.855392 3.547275 4.084836 4.629416 5.087201 5.356924
1.632498 1.35293 1.459979 2.813781 5.166531 9.91785 16.21403 19.84554 19.77122 17.22113 14.4275 12.94705 10.6447 9.181067 8.940151 14.61146 14.04685 3.760528 1.182161 1.492352 1.126508 0.2576701 0.3100566 0.3392771 0.5815393 0.5414972 0.2512193 0.5099673 0.2843198 0.2409135 0.3036378 0.4732434 0.5891097 0.5255004 0.4087654 0.3235022 0.3011409 0.3221294 0.4982466 0.726195 0.9440353 1.144767 1.328857 1.621174 2.065113 2.697072 3.609233 3.967776 3.444007 3.881409 4.071966 3.283294 2.685662 2.448197 2.527622 2.912333 3.412747 3.830606 4.212599 4.6551 5.121209 5.36329
0.8871261 0.5013989 0.7734672 1.946574 3.532135 7.091222 12.71787 18.19856 20.55264 18.82974 15.8772 14.3081 12.51079 10.14695 9.36447 16.68728 17.6615 5.977608 1.260206 1.899939 1.255459 0.3102418 0.2219415 0.2015142 0.415476 0.5273709 0.4667481 0.6103316 0.6811976 0.4669415 0.3129022 0.03340889 0.3574861 0.2482287 0.2098143 0.09664143 0.1765039 0.26093 0.312272 0.4217493 0.5506936 0.6247357 0.6522887 0.6460953 0.6708562 1.188934 2.349695 3.533751 3.446918 3.284807 3.430227 2.893874 2.109309 2.137887 2.802898 3.192892 3.462767 3.914864 4.640215 5.133916 5.104961 4.495136
0.8253403 0.3138449 0.6974343 1.614298 2.269089 4.563079 8.982264 15.13981 20.03124 20.66464 18.48561 16.0275 14.2095 11.63461 9.425624 15.38053 21.05101 11.99945 2.498236 2.09566 1.396219 0.497983 0.4005111 0.2665928 0.2517089 0.3397846 0.6308138 0.6288856 0.4125623 0.1452307 0.6646259 0.4220605 0.7577345 0.05843044 0.146132 0.02464385 0.1799574 0.2652039 0.2234524 0.3428622 0.4350247 0.4130394 0.3996906 0.3959776 0.5277597 0.9448692 1.767875 3.167099 3.260367 2.79635 3.270805 3.278862 2.557735 2.943547 3.319005 3.314283 3.950837 4.318347 4.414379 4.008807 3.068485 1.940498
1.06744 0.7028371 0.5981638 1.144187 1.693917 3.016908 5.998292 10.95494 16.87114 20.46951 20.71863 18.23232 15.36411 13.06899 10.68058 12.63508 21.13991 19.17267 6.867204 2.43675 1.657303 0.6813421 0.4766472 0.2717153 0.1904162 0.1379862 0.1160857 0.1417995 0.1518605 0.2709894 0.9685284 0.05800753 0.9532456 0.1376289 0.1478627 0.1060358 0.1678771 0.1936641 0.1965246 0.3310251 0.4153773 0.3851991 0.3756426 0.3715349 0.4236131 0.5948071 1.282552 2.923128 2.758222 2.639687 3.163959 3.51904 3.704205 4.088158 3.573509 3.289212 4.027378 3.313114 2.222559 1.341363 0.8968391 0.6878147
1.583615 1.297297 1.186904 1.160848 1.42857 2.062171 3.459272 6.372759 11.30098 16.38496 19.73883 20.09342 17.46103 14.80051 12.9973 11.70133 17.62837 23.11238 14.43689 4.478054 2.035402 0.7439434 0.5787811 0.4727576 0.3125873 0.1663054 0.2383105 0.3393496 0.2925147 0.4562389 0.5619481 0.8569438 0.8146439 0.2628728 0.2408113 0.158834 0.1025737 0.1090125 0.1806856 0.2728907 0.3523763 0.3559678 0.3631121 0.4730526 0.5603835 0.557918 1.188285 2.242396 1.621776 2.455746 3.206975 3.732122 4.370767 4.037146 3.28799 2.547065 2.392407 1.147544 0.5486633 0.3832341 0.4751124 0.4714191
2.552558 2.346054 2.237232 2.419381 2.761874 2.878434 2.814043 3.426146 6.6561 11.40506 15.46496 18.24211 18.04745 15.95668 14.51056 12.81625 13.83118 21.48885 21.21911 10.12218 2.881944 1.077803 0.9900498 0.9275888 0.7197143 0.5185838 0.486041 0.401902 0.383876 0.7366615 0.5492163 0.87257 0.3267583 0.1772 0.2217935 0.2035806 0.1862327 0.2526526 0.3946698 0.4383135 0.449717 0.4383135 0.4521737 0.570139 0.6624866 0.6778648 1.448793 1.143219 1.143541 2.015792 2.724336 3.000526 3.036674 2.422303 1.975518 1.726591 1.197739 0.5933291 0.539067 0.2641186 0.6516972 0.133942
3.876069 4.03558 4.262406 4.370336 4.550418 4.933589 5.139256 4.955145 5.202474 7.672637 10.72493 13.25993 14.58038 13.98662 13.5029 13.05533 12.09368 15.96713 22.38027 17.48372 6.02803 1.808137 1.350485 1.340648 1.20758 0.9601915 0.6971048 0.4427842 0.2539486 0.542935 0.5043363 0.467872 0.2229376 0.1518605 0.2180243 0.3146545 0.312272 0.3884451 0.492615 0.4791028 0.449717 0.4417636 0.5427082 0.6194198 0.674041 0.616605 1.207125 0.6399059 1.254054 0.8753862 0.9281281 0.5528945 0.4886678 1.092979 0.8636578 0.9965497 0.7566075 0.1257898 0.7038054 0.2575426 0.8978539 0.2072562
5.135486 5.935106 6.963002 7.427188 7.58787 7.990879 8.330392 8.58284 8.555318 8.515753 9.232465 10.3308 11.44859 11.34782 11.52784 11.71162 11.13385 11.06717 17.64866 20.9084 11.74042 3.338973 1.676801 1.535656 1.425375 1.234722 0.9153107 0.6663398 0.3265573 0.2126891 0.7957313 0.06130914 0.5653984 0.08072399 0.2971078 0.3500396 0.332756 0.3790354 0.4457212 0.4179966 0.454942 0.6107886 0.8138781 0.8291785 0.7775934 0.6847658 0.7413248 0.2091483 0.6344456 0.3719543 0.6011469 0.4680298 0.3567278 0.9106919 0.7093447 0.6110975 0.7519298 0.5990685 0.3789488 0.6356215 1.033731 0.1322773
6.459491 7.638873 9.035848 10.62636 10.97266 10.81747 11.14915 11.61922 11.78342 11.6782 11.5468 11.54572 11.62891 11.23909 11.75223 11.69718 10.19614 9.01057 11.17865 18.1342 16.10001 6.447956 2.511175 1.847111 1.640178 1.658 1.475727 1.203921 0.7136694 0.1090878 0.5794613 0.5544508 0.3822049 0.4535328 0.3537709 0.1606833 0.2664388 0.3936496 0.4701117 0.4922317 0.6272525 0.807065 0.7784371 0.5155367 0.332534 0.4355903 0.4803345 0.2105562 0.5615537 0.168852 0.5445196 0.8283073 0.8184622 0.948137 0.724702 0.4667481 0.8508907 1.115326 1.026948 1.028161 0.9237866 3.659371
7.6936 9.073859 10.11588 11.5208 12.80002 13.37309 13.94046 14.06606 13.79848 13.56281 13.52332 13.37244 12.9695 12.5686 12.67881 11.72864 9.467764 8.103506 7.621814 12.59319 15.88603 9.334056 3.881344 2.673183 1.860308 1.300504 1.156381 1.277658 0.9516866 0.2332284 0.315514 0.8269194 0.1045549 0.6302542 0.3698301 0.2102441 0.2565529 0.4434509 0.4710708 0.4416707 0.5404657 0.5240617 0.2865338 0.2331932 0.3873237 0.677768 0.7320245 0.2434213 0.276476 0.427566 0.3270344 0.3789488 0.6794729 0.7059822 0.5150908 0.1000627 0.3267583 0.9033563 0.8269194 1.849864 5.116603 6.703112
9.296593 10.71031 11.86262 11.81479 12.68654 13.83698 14.35918 14.42552 14.86397 15.21426 14.85603 14.32891 13.8638 13.30845 12.46803 10.73262 8.65574 7.306188 6.741056 8.934056 12.65064 9.52582 4.04874 2.39408 1.679966 1.311144 1.13454 1.046783 0.8269591 0.3547901 0.3241104 0.9990491 0.215297 0.7553919 0.2283568 0.3238318 0.2319228 0.2744501 0.2693491 0.2931033 0.404568 0.4010639 0.3883394 0.4036135 0.3442 0.5521817 0.7627531 0.3092085 0.2001657 0.1379862 0.4756821 0.6944041 0.7629252 0.4546353 0.2377934 0.2590994 0.312771 0.4266245 2.63008 5.857265 6.506266 5.088039
11.71551 12.77412 13.22301 12.15774 11.4354 12.39936 13.07705 13.40568 14.03061 14.27831 13.93105 13.52026 13.02947 12.17556 11.0336 9.868228 8.987394 8.846725 9.240823 9.409582 9.345453 8.017753 4.793116 2.829668 2.094369 1.445773 0.9873614 0.7809101 0.5721504 0.2798101 0.1460758 1.060331 0.2761195 0.7820441 0.1051809 0.3361667 0.2693491 0.1872873 0.2287518 0.3167601 0.3794033 0.2066614 0.3159559 0.3400502 0.1978149 0.3906571 0.6597685 0.3468601 0.3610041 0.4778852 0.3573484 0.4157327 0.4523915 0.2633407 0.5689287 0.5906122 1.077376 2.366163 4.454585 5.363525 4.004574 2.774839
13.13036 13.20176 12.68817 11.62197 10.60675 10.41733 10.44182 10.45259 10.41329 10.69582 11.98109 13.03671 12.54942 11.53177 11.23894 10.89096 10.33454 10.16419 8.813336 6.226929 4.679431 6.623716 6.417689 3.338572 1.859132 1.23886 0.8994881 0.6913843 0.3899632 0.1867607 0.04742068 0.8506399 0.418291 0.6523013 0.2431177 0.4111875 0.2755245 0.1446077 0.1834354 0.2320643 0.3800732 0.1397004 0.1166499 0.4278346 0.3862416 0.1332663 0.5045315 0.1946363 0.2153732 0.4052166 0.4417636 0.4781255 0.5562239 0.7827467 0.7763579 1.263943 2.414933 2.471448 3.049078 3.629236 3.368868 2.679707
12.70085 12.42222 11.57939 10.53273 9.187661 7.656502 7.383054 8.185378 8.887849 9.612567 10.06616 9.976451 9.145031 7.653102 6.610219 5.287854 4.748806 4.809211 3.624671 3.969 4.336016 6.740793 8.66521 5.024316 1.709366 1.16655 0.9946792 0.6723102 0.3543503 0.2280691 0.07470451 0.4647924 0.5212355 0.3881915 0.3678722 0.3282617 0.1904593 0.06022872 0.2334746 0.2889013 0.2690443 0.05282408 0.07959779 0.5360292 0.3024462 0.01460761 0.4497718 0.128117 0.2122642 0.322613 0.7235462 1.010033 0.9978988 0.6637364 0.4470449 1.816115 1.944485 1.992748 2.525727 3.27599 3.5046 2.777995
11.90114 11.12306 9.5651 8.210541 7.089868 6.100334 6.464869 6.264811 4.386994 3.310213 3.658591 4.298875 2.886946 2.947937 5.3809 6.960107 7.402756 6.893054 5.399674 4.54674 4.209188 6.571263 11.52143 9.26706 2.672077 1.418524 1.025757 1.020272 0.9601316 0.4343262 0.05156619 0.1924739 0.565587 0.2544329 0.4297485 0.2645533 0.1322773 0.1234852 0.3874508 0.4071562 0.1577972 0.07740229 0.184506 0.3647357 0.2917562 0.076977 0.3534227 0.2828439 0.5615099 0.5593281 0.4922817 0.4958031 0.5473005 0.3843673 0.7390968 1.287072 1.844509 2.242743 2.769234 3.637659 3.616954 2.315253
