GSIF2018/6_Uncertainty/practical/geul_slope.txt
ncols         80
nrows         80
xllcorner     190000
yllcorner     314000
cellsize      25
NODATA_value  -9999
[rows 0 to 26 of 80, columns 0 to 61 of 80]
5.52958 2.608395 0.7382192 0.4701117 0.758016 1.071972 1.483905 1.600778 0.886682 0.3618669 0.4535328 0.4077604 0.4027383 0.3185942 0.2153351 0.8117887 1.261982 1.025549 1.032143 1.238701 1.073502 0.2960841 0.641494 1.115657 4.205731 4.944046 5.302465 5.885824 2.373194 3.482024 6.335648 4.941096 3.697587 4.02421 3.807929 2.685884 3.862442 4.316332 2.588982 1.156834 4.275278 9.514223 8.642495 5.880992 5.591326 5.554074 5.499028 5.695966 6.62874 6.724716 6.125196 6.392885 7.297966 7.739002 7.266136 6.328875 5.424788 6.644946 9.571326 9.732799 8.05443 6.036234
7.959621 5.408173 2.96684 1.499757 0.6574137 0.5712892 0.9114934 1.780123 1.41658 0.5294984 0.4753197 0.4749742 0.6523013 0.5990685 0.3240345 0.8192939 1.229977 0.494527 0.4960016 0.9895276 0.897927 0.879687 0.2483279 1.311644 3.814295 5.168472 4.398916 5.04878 3.813735 3.98466 6.661625 5.785954 4.147033 4.230653 3.929642 2.540733 2.957829 4.214736 3.479669 1.498274 1.58161 7.094712 10.44536 7.635043 5.696785 5.438803 5.334646 5.065349 5.684693 7.012172 7.624993 7.998097 7.944015 6.947874 5.844552 5.22777 6.643206 10.45616 10.73126 8.088329 6.015916 5.040602
8.601601 7.233506 4.862398 2.945464 1.223451 0.3676044 0.4892719 1.495908 1.738396 0.7995681 0.6636375 1.019411 1.259067 1.007927 0.7019843 0.3193147 1.229123 0.8861915 0.1417995 0.8969763 0.6989386 0.700053 0.4398088 1.280351 3.647922 5.093934 3.454466 3.381976 3.711543 3.32581 5.529418 6.097622 4.532816 4.717233 4.837653 3.10834 2.323371 3.636974 3.984551 2.361434 0.6382496 3.122085 9.210413 10.32564 6.925882 5.188843 4.986827 4.82431 4.95674 6.165752 7.552473 7.832923 6.770099 5.705009 5.142275 6.06112 10.24884 11.47391 9.064031 6.691598 5.369426 4.818356
7.455488 7.310557 5.914995 3.995377 1.86859 0.3461021 0.1749628 0.886534 1.44373 1.141689 0.7356806 0.7422098 0.3132429 0.3279866 0.6851372 0.3292602 1.054014 1.25116 0.2924025 0.6263885 0.7516569 0.5627944 0.7126108 1.068592 3.947355 6.310702 3.954006 3.108987 5.170516 2.837405 3.317095 5.535067 5.42261 5.622203 5.851072 3.983892 2.213693 2.953089 4.131186 3.335487 1.148923 0.621747 4.873263 10.41427 9.630709 5.943867 4.942088 5.111415 5.52826 5.992965 6.276862 5.976922 5.404774 4.382788 6.302122 11.11766 11.19847 9.155366 7.403557 6.058697 5.144413 4.697646
6.50162 6.685179 6.702408 4.986554 2.208091 0.441615 0.1025737 0.5562239 0.7124726 0.7738702 0.5509915 0.1181181 0.4148435 0.1054148 0.7106622 0.8064243 0.8365473 1.367808 0.5522411 0.2793992 0.7036655 0.5434184 0.9359621 0.806007 3.750777 6.838683 3.734432 2.8867 5.60969 1.567264 1.207621 3.724014 5.228202 5.824575 5.614069 4.420796 2.652482 2.604112 3.845875 4.014118 1.989933 0.85942 1.619864 5.457935 10.21784 7.960704 5.272331 5.35039 5.92095 6.053494 5.170616 4.212986 4.155231 6.254989 11.29976 11.72246 7.777308 6.776471 6.292386 5.74181 5.24021 4.753051
6.200368 6.091436 7.205348 5.774457 2.379149 0.7853106 0.5149155 0.705331 0.3892681 0.2371021 0.6508278 0.6389435 0.3377011 0.4102884 0.6876118 1.036584 0.6809205 1.255093 0.6012288 0.1177702 0.5787811 0.557506 0.967257 1.133013 2.629103 4.875725 5.674489 6.055034 6.607691 2.63696 0.8372531 2.084654 5.865528 6.26524 4.461071 4.240947 3.205889 2.68955 3.256074 3.867591 2.819262 2.520055 2.743526 1.222271 5.955908 9.157068 6.256659 5.417591 5.687946 5.16741 4.545538 4.029849 7.319975 9.894973 9.829596 8.932613 6.004938 5.334293 5.704811 5.897372 5.640439 5.085402
6.464489 6.045503 7.259556 6.074563 2.773837 1.28521 0.6305666 0.4214183 0.2103612 0.5297153 0.5996025 0.8630401 0.3605719 0.2543038 0.3557141 0.6570641 1.129903 1.014822 0.4241552 0.123219 0.35516 0.3539564 0.4511745 0.8942189 1.476305 2.166267 2.613063 5.087024 7.064085 4.821635 2.099823 1.825442 5.274247 6.484999 4.614615 4.223374 3.669562 3.232618 2.857603 3.240173 3.337737 3.677101 4.609946 0.2900353 1.163297 7.160017 7.152659 5.605107 4.94592 4.564126 4.445826 6.90371 10.55627 8.487417 6.291589 7.89268 6.96742 4.670481 5.405852 6.313793 6.293248 5.757324
6.722562 6.268 7.158109 6.438725 3.683382 1.829438 0.7995476 0.4221577 0.735781 0.7603397 0.6961154 0.9889803 0.8974884 0.284666 0.1503943 0.6745643 0.8814107 0.4221577 0.1784461 0.1499023 0.2063037 0.1920897 0.1125682 0.5615099 1.062904 1.862193 1.804706 3.785476 5.398051 5.19633 4.685145 2.427593 2.831607 5.605425 6.269496 4.964105 3.884791 3.606686 2.627091 2.501507 3.17477 3.054222 5.450921 4.801387 3.363614 4.31791 6.195394 4.796864 3.077645 3.676284 5.74831 9.419192 9.796851 6.430916 4.529022 6.223794 8.013261 6.250898 5.709691 6.698996 7.025835 6.579571
6.846661 6.89388 7.829546 7.395861 4.833771 2.462152 0.9315691 0.4273164 0.8021806 1.023106 0.9711761 1.24885 1.592068 0.9096914 0.4165806 0.9294266 0.2733414 0.2698362 0.1251357 0.09731843 0.1653651 0.266562 0.2105562 0.409267 1.114354 1.413381 1.0555 3.677125 4.193385 4.069707 6.212376 3.939281 2.889096 4.88207 7.641338 7.002798 4.998724 4.216584 2.870467 2.23769 2.896552 2.420822 3.348085 5.124108 3.845129 2.918718 4.471102 4.591637 4.092149 5.98723 7.290022 7.69324 7.693766 6.099523 4.241053 4.229925 6.62327 7.660159 6.693073 6.577395 7.187313 6.93939
7.344623 7.715289 8.903913 8.785495 5.995294 3.228877 1.172267 0.2865338 0.7342628 0.9964591 0.5767359 0.9824888 1.799194 1.526789 0.4215157 0.645981 0.2604578 0.166552 0.07075503 0.1370912 0.2074146 0.26093 0.2512193 0.3297583 0.9351993 1.119583 0.6372846 3.687747 3.390357 2.758513 5.676006 4.792504 4.72438 4.912043 7.207596 8.640836 7.76055 5.780896 3.499281 2.93911 3.238266 3.295685 3.460454 4.082049 4.165807 2.064573 2.77266 4.712882 6.189769 7.414186 7.231527 6.053657 6.332992 6.140158 4.768487 4.410127 5.650399 7.403795 7.485582 6.77991 6.951513 6.782373
7.504591 7.793036 9.473495 10.13825 7.381413 4.00389 1.676722 0.3647132 0.6339669 0.9591399 0.3735175 0.4926316 1.505829 1.214468 0.306757 0.6332934 0.3753804 0.2357135 0.2573833 0.1404621 0.2809808 0.128117 0.3525625 0.5319722 1.030457 1.126544 0.8353204 3.259508 2.71826 2.698198 5.092883 3.98728 2.412569 3.00941 4.519107 6.220448 8.479455 7.245906 3.800678 3.83268 4.58604 4.570732 3.513313 3.254977 4.678557 2.63507 1.490857 3.316986 6.176066 8.698559 9.239172 6.854724 5.93679 6.50023 6.013271 6.131368 6.126715 6.789854 8.008945 7.782512 6.897626 6.513503
7.550606 7.448279 9.165646 10.60864 9.013972 5.060677 2.165404 0.4474119 0.7593894 0.6080282 0.5081134 1.415816 1.628415 0.68467 0.3799221 0.7894892 0.5030493 0.3776472 0.2076914 0.2758816 0.3746582 0.4546353 0.7236143 1.510022 1.70927 1.305979 0.8431512 1.660618 2.533907 2.376101 3.785526 3.639025 2.177668 2.348457 3.379366 3.637208 6.600099 7.332166 5.027736 4.090388 3.775743 3.428777 2.491306 2.657435 5.000884 4.261558 1.384043 1.801202 4.105616 6.889687 10.05935 10.02917 7.558697 6.761086 6.452551 5.32619 5.090707 6.26084 7.827138 7.934529 6.878712 6.387509
8.108553 7.70744 8.647132 10.11808 10.43845 6.602233 2.518772 0.5817086 0.7881578 0.6051468 0.8426061 1.159122 0.7447701 0.1385797 0.465921 0.6523642 0.0366872 0.492615 0.3378226 0.4451686 0.5219907 0.4394355 0.9447303 1.015993 0.388128 0.5522411 0.6395596 0.8133538 1.36151 2.149606 3.87706 4.698901 2.684381 2.098074 3.781659 4.027985 3.779166 4.571804 4.178645 2.592166 2.164209 2.561869 3.026803 3.356347 5.377441 5.596397 2.234643 1.05438 2.892098 4.797137 5.594218 8.303241 9.340374 6.953773 5.750444 5.289766 5.167471 6.177012 7.083443 7.287025 6.687513 6.677912
8.776446 7.91134 8.141788 9.66061 11.70023 8.034602 2.538928 0.7956488 0.4385194 0.5970927 0.2153351 1.045159 0.8881151 0.3370444 0.3115617 0.4642271 0.2147627 0.2181748 0.3970538 0.3204691 0.114089 0.2206063 1.056735 0.65249 1.28639 1.428134 1.298876 1.213901 1.391277 2.439167 4.12128 5.273979 3.612555 2.43296 4.484435 4.205076 1.785199 2.17166 3.716397 2.731391 2.1463 2.975298 3.161052 3.145075 5.010723 5.920344 3.12038 0.8044786 1.971478 5.519116 4.277455 2.414964 7.247321 8.690123 7.052915 6.594422 6.158393 5.949292 6.228927 6.507374 6.100188 6.46054
9.786805 8.367908 8.124654 10.21832 13.051 8.847572 2.561371 1.069214 0.3336181 0.8353302 1.053446 1.102119 1.112903 0.6067718 0.3508826 0.2355394 0.246037 0.3767987 0.3955629 0.399033 0.4304735 0.3730118 0.9996155 0.4478702 0.6977636 0.6605515 0.7056567 0.8660673 1.264935 2.214048 3.375825 5.035853 4.906978 3.968961 4.781763 3.819378 1.892783 2.131589 3.999562 3.764987 3.081447 2.658482 2.538567 3.502101 4.961346 5.615141 3.532413 0.9837321 1.83957 5.28697 4.647985 0.5593135 1.785736 6.356595 9.28323 9.834937 8.086907 5.658541 5.463293 5.609511 5.281988 5.926167
10.94925 10.05463 9.349968 11.86129 14.68933 9.778868 2.936203 1.280767 0.5874218 1.141581 0.6772472 0.8913885 0.5221636 0.5598561 0.629003 0.2499092 0.2483279 0.2688917 0.2329115 0.1483614 0.1358886 0.5876593 0.7817187 0.5528945 0.4319009 0.1677304 0.1522383 0.3753585 0.9736733 2.015788 2.657312 3.800995 4.750697 4.753458 4.760679 4.104685 2.674918 2.252719 3.520167 3.720497 2.913526 2.511361 2.868639 3.896167 4.827883 5.082886 3.815822 1.778156 2.321692 3.774214 4.036241 3.135193 0.9613954 1.197739 4.735789 11.0785 13.12624 9.448759 6.037552 5.062332 4.955821 5.52808
12.07491 11.86492 11.25846 13.60792 16.77983 11.85852 3.897138 1.564159 0.8008806 1.222526 0.07179137 0.9085363 0.316449 0.3549751 0.3853908 0.6683931 0.1137287 0.1805038 0.1863648 0.08203501 0.1012855 0.8025078 0.4123832 0.5775605 0.1452307 0.1855262 0.154007 0.2129205 0.6977636 1.839642 2.526566 3.057938 3.850512 4.669329 5.05733 4.770767 3.756809 2.58184 2.825786 2.835813 1.960713 2.910209 3.46668 3.680655 4.21737 4.506955 4.178037 3.233652 3.270717 3.921958 4.07162 3.900728 3.443858 2.700408 3.373622 2.17951 10.24771 15.39465 13.32478 8.614022 5.447562 4.394996
13.67599 12.54995 12.35408 14.60569 18.6614 14.94394 5.992238 2.591156 1.682672 1.413294 1.117119 0.7276399 0.2174212 0.5277597 0.5696782 0.5147561 0.1692404 0.2270593 0.1806856 0.1551221 0.1742578 0.9191658 0.2224954 0.6178281 0.2035806 0.2949455 0.3411345 0.3916222 0.7673861 1.490373 2.229381 2.64853 2.897184 3.958238 4.99632 5.110991 4.818321 3.658379 2.984469 3.171525 2.356602 3.043699 3.581296 3.077783 3.547477 4.002016 4.259487 4.215082 3.788146 3.444166 3.28193 3.437969 4.239723 4.7694 3.741977 5.037472 3.546955 5.689702 14.48075 16.34204 11.99895 6.601671
15.53985 12.97144 12.26481 14.43751 19.64859 18.36623 9.764792 4.638646 2.41226 1.426525 1.722365 0.926518 0.6666722 0.1765039 0.2765056 0.1076489 0.1507758 0.1719823 0.1527227 0.168852 0.2176098 0.9615405 0.1503943 0.7481118 0.2987331 0.1904593 0.2040236 0.2210893 0.5537843 1.102692 1.77121 2.284452 2.1924 2.540759 3.618252 4.224098 4.588983 4.63684 4.070168 3.913481 2.962346 2.889461 3.436793 2.665279 2.815484 3.441303 3.723514 3.871919 3.653699 3.178406 3.117371 3.634569 4.355895 4.883227 4.77367 2.519623 3.892074 6.223011 1.114737 9.108163 15.52183 14.79062
15.0748 13.11294 11.56173 12.32296 17.72528 20.15416 15.22385 8.889775 3.978688 2.059953 1.810977 1.115532 1.034723 0.3727477 0.3038809 0.2373789 0.2362352 0.215982 0.2670849 0.3569348 0.4301493 0.8691879 0.2709894 0.8585508 0.288361 0.308145 0.2332284 0.1397004 0.4241358 0.8168567 1.226484 1.746919 1.986055 1.904437 2.118765 2.652713 3.66672 4.799651 4.921663 4.257174 3.523914 3.280297 3.608618 2.762727 1.898701 2.432549 2.947834 3.387737 3.685896 3.602863 3.440493 3.654546 4.023027 4.298824 4.496477 4.631721 3.384946 0.9908698 5.655019 5.280052 1.887558 10.20113
12.53793 11.44279 10.17215 9.739368 12.50232 16.66204 17.54104 14.75048 8.986731 4.070765 1.995936 1.187146 1.133006 0.5053604 0.3090226 0.2708077 0.3272602 0.3316444 0.4202483 0.453768 0.4748187 0.6977989 0.5274332 0.8402366 0.2977701 0.2355394 0.1640697 0.3856463 0.5564599 0.6555763 0.872429 1.274315 1.919353 2.116114 1.877939 1.863055 2.861685 4.57208 5.409637 4.640876 4.258138 4.180345 4.30752 3.603098 1.857791 1.926746 2.813662 3.343326 3.576097 3.836309 3.724399 3.435982 3.563314 3.857979 4.097166 4.315772 4.497252 4.06686 2.348126 1.798834 4.490777 2.780344
12.12919 10.52133 9.227195 8.789317 8.682978 9.886769 12.39463 14.1605 11.8184 6.64374 2.786126 1.313362 1.160459 0.677768 0.2844642 0.2357135 0.295779 0.3085442 0.3512566 0.2526526 0.3849647 0.7150592 0.7860521 1.090973 0.5019878 0.3390109 0.3163712 0.06545272 0.5879245 0.8031517 0.9271907 1.022625 1.619986 2.095281 1.994683 1.704718 2.136062 3.753686 4.988201 4.794281 4.487716 4.393805 4.608757 4.271158 2.451258 2.029662 2.978954 3.258159 3.151327 3.709979 3.947204 3.339245 3.28267 3.667114 3.95494 4.109632 4.284146 4.326051 4.687636 5.338247 4.663636 3.358123
11.10596 9.444199 9.048205 9.029027 8.218102 8.02979 10.04392 12.13396 10.68312 7.132749 3.586836 1.520185 1.083299 0.6943687 0.3364839 0.1975658 0.2390326 0.3039619 0.2407091 0.1166499 0.5394475 0.9294972 0.8227715 1.275344 0.9245856 0.5859252 0.6000813 0.6577132 0.2448668 0.4213404 0.7956488 0.7931287 1.156962 1.700351 1.891332 1.981697 2.220358 3.189759 4.093912 4.191908 4.223 4.079754 4.531611 4.615802 3.179699 2.347965 2.79014 3.064006 2.820967 3.432003 4.105307 3.526939 3.209672 3.537113 3.874352 4.072659 4.303506 4.577197 4.894668 5.71221 7.157575 8.171006
10.32912 10.01064 10.33956 9.734778 8.781053 9.630563 12.03006 11.70575 8.297215 5.973658 3.727772 1.890599 1.176088 0.5778588 0.2765056 0.1834354 0.2246246 0.2677907 0.1358886 0.1361903 0.7719382 0.8915082 0.1358886 0.6660319 0.5432976 0.2421707 0.1468044 0.3357025 0.5454983 0.3205459 0.6613585 0.6595446 0.8498197 1.263716 1.453963 1.592129 2.201047 3.334965 4.060691 4.236278 4.498828 3.966435 4.12896 4.915244 4.201833 2.793332 2.457186 2.806115 2.917257 3.377197 4.088158 3.711283 3.168763 3.389542 3.866083 4.261777 4.735798 5.345026 5.920639 6.58716 6.934894 6.465125
11.12966 11.50014 11.12802 9.963125 9.859914 11.3566 11.66931 8.149243 5.425726 5.098027 3.519555 2.155018 1.25459 0.4984936 0.1580051 0.1141609 0.1685115 0.2134979 0.08153327 0.1685115 0.909511 0.4842141 0.4890035 0.3191347 0.3834268 0.4076597 0.1975658 0.04474942 0.266839 0.1304657 0.5074346 0.6864892 0.8623934 1.080539 1.04563 0.5754539 0.8953742 2.571624 4.002578 4.578278 4.94864 4.465456 3.826203 4.354783 5.056125 3.941653 2.545262 2.399372 2.76095 3.227791 3.780744 3.80508 3.403815 3.655888 4.448039 5.130701 5.676717 6.189825 6.62721 6.541539 5.557476 4.40368
11.65902 11.58298 11.30442 10.51905 9.548251 8.146706 5.760365 6.520277 7.98169 6.837323 3.611341 2.17565 1.134438 0.4956044 0.1501212 0.09630115 0.1398765 0.1948891 0.1218123 0.1995087 0.9570163 0.1022532 0.5311386 0.2409817 0.2698666 0.5614222 0.5563124 0.3371417 0.2975219 0.2523601 0.3920411 0.7474644 1.184684 1.322026 1.099713 0.7303412 0.531463 1.169605 2.990141 4.506928 5.106236 5.002319 4.21582 3.22089 4.488469 5.063713 3.370543 2.301257 2.458039 3.137414 3.53241 3.899559 3.904826 4.42365 5.406451 6.061093 6.222999 6.06222 5.556301 4.715173 3.667613 2.776466
11.40548 10.80773 8.463214 5.041709 3.451938 5.833283 9.594116 11.85758 13.88634 12.64516 5.723553 2.008719 0.9386318 0.454942 0.1447779 0.2391699 0.2645843 0.2131516 0.1512648 0.2185131 0.9860311 0.1988907 0.6326842 0.1976904 0.3130857 0.02864789 0.390993 0.3706281 0.4024121 0.3524694 0.3830199 0.3731878 1.349094 1.550338 1.068753 0.6465396 0.206582 0.5135591 1.746755 3.757476 4.842257 4.949033 4.656505 2.915398 2.964394 4.784883 4.389427 2.876345 2.58054 3.213215 3.548644 4.216841 4.792519 5.097752 5.23759 5.357357 5.286386 4.801379 3.892256 2.741808 2.084677 3.049474
