GSIF2018/6_Uncertainty/practical/river_dist.txt
ncols         80
nrows         80
xllcorner     190000
yllcorner     314000
cellsize      25
NODATA_value  -9999
[rows 0 to 29 of 80, columns 0 to 66 of 80]
525 500 475 450 425 400 375 350 325 300 275 250 225 200 175 150 125 100 75 50 25 0 0 25 0 25 50 75 100 125 150 175 200 225 250 275 300 325 348.2097 371.6517 395.2847 419.0764 443.0011 467.0385 491.1721 515.3882 539.6758 564.0257 588.4301 612.8825 637.3774 661.9101 686.4765 711.0731 735.697 760.3453 785.0159 809.7067 834.416 859.142 883.8835 908.6391 933.4077 958.1884 982.9802 1007.782 1032.594
525.5949 500.6246 475.6574 450.6939 425.7346 400.7805 375.8324 350.8917 325.9601 301.0399 276.134 251.2469 226.3846 201.5564 176.7767 152.0691 127.4755 103.0776 79.05694 55.9017 35.35534 25 0 25 0 25 50 75 100 125 150 175 200 223.6068 246.2215 269.2582 292.6175 316.2278 340.0368 364.0055 388.1044 412.3106 436.6062 460.9772 485.4122 509.9019 534.439 559.017 583.6309 608.2762 632.9495 657.6473 682.3672 707.1068 731.8641 756.6373 781.425 806.2258 831.0385 855.8621 880.6957 905.5385 930.3897 955.2487 980.1148 1004.988 1029.866
527.3755 502.4938 477.6243 452.7693 427.9311 403.1129 378.3186 353.5534 328.8237 304.1381 279.5085 254.951 230.4886 206.1553 182.0027 158.1139 134.6291 111.8034 90.13878 70.71068 50 25 0 25 0 25 50 75 100 125 145.7738 167.7051 190.3943 213.6001 237.1708 261.0077 285.0439 309.2329 333.5416 357.9455 382.4265 406.9705 431.5669 456.2072 480.8846 505.5937 530.3301 555.0901 579.8707 604.6693 629.4839 654.3126 679.1539 704.0064 728.869 753.7407 778.6206 803.5079 828.4021 853.3024 878.2084 903.1196 928.0356 952.9559 977.8804 1002.809 1027.74
530.3301 505.5937 480.8846 456.2072 431.5669 406.9705 382.4265 357.9455 333.5416 309.2329 285.0439 261.0077 237.1708 213.6001 190.3943 167.7051 145.7738 125 100 75 50 25 0 0 0 25 50 70.71068 90.13878 111.8034 134.6291 158.1139 182.0027 206.1553 230.4886 254.951 279.5085 304.1381 328.8237 353.5534 378.3186 403.1129 427.9311 452.7693 477.6243 502.4938 527.3755 552.2681 577.1698 602.0797 626.9968 651.9202 676.8493 701.7834 726.7221 751.6648 776.6112 801.561 826.5137 851.4693 876.4274 901.3878 926.3503 951.3149 976.2812 1001.249 1026.219
534.439 509.9019 485.4122 460.9772 436.6062 412.3106 388.1044 364.0055 340.0368 316.2278 292.6175 269.2582 246.2215 223.6068 200 175 150 125 100 75 50 25 0 0 0 25 35.35534 55.9017 79.05694 103.0776 127.4755 152.0691 176.7767 201.5564 226.3846 251.2469 276.134 301.0399 325.9601 350.8917 375.8324 400.7805 425.7346 450.6939 475.6574 500.6246 525.5949 550.5679 575.5432 600.5206 625.4998 650.4806 675.4628 700.4463 725.4309 750.4166 775.4031 800.3905 825.3787 850.3676 875.3571 900.3472 925.3378 950.3289 975.3204 1000.312 1025.305
539.6758 515.3882 491.1721 467.0385 443.0011 419.0764 395.2847 371.6517 348.2097 325 301.0399 276.134 251.2469 226.3846 201.5564 176.7767 152.0691 127.4755 103.0776 79.05694 55.9017 35.35534 25 25 0 0 25 50 75 100 125 150 175 200 225 250 275 300 325 350 375 400 425 450 475 500 525 550 575 600 625 650 675 700 725 750 775 800 825 850 875 900 925 950 972.7538 995.3015 1017.964
546.0082 522.0153 498.1215 474.3416 450.6939 427.2002 403.1129 378.3186 353.5534 328.8237 304.1381 279.5085 254.951 230.4886 206.1553 182.0027 158.1139 134.6291 111.8034 90.13878 70.71068 55.9017 50 35.35534 25 0 25 50 75 100 125 150 175 200 225 250 275 300 325 350 375 400 425 450 475 500 525 550 575 600 625 650 675 700 725 750 775 800 825 850 872.1382 894.4272 916.856 939.4147 962.0941 984.8858 1007.782
553.3986 529.7405 505.5937 480.8846 456.2072 431.5669 406.9705 382.4265 357.9455 333.5416 309.2329 285.0439 261.0077 237.1708 213.6001 190.3943 167.7051 145.7738 125 106.066 90.13878 79.05694 55.9017 35.35534 25 0 25 50 75 100 125 150 175 200 225 250 275 300 325 350 375 400 425 450 475 500 525 550 575 600 625 650 675 700 725 750 772.1722 794.119 816.2414 838.5255 860.9587 883.5298 906.2285 929.0452 951.9716 975 998.1232
559.017 534.439 509.9019 485.4122 460.9772 436.6062 412.3106 388.1044 364.0055 340.0368 316.2278 292.6175 269.2582 246.2215 223.6068 201.5564 180.2776 160.0781 141.4214 125 100 75 50 25 0 0 25 50 75 100 125 150 175 200 225 250 275 300 325 350 375 400 425 450 475 500 525 550 575 600 625 650 673.1456 694.6222 716.3275 738.2411 760.3453 782.6238 805.0621 827.6473 850.3676 873.2125 896.1724 919.2388 942.4039 965.6604 989.002
564.0257 539.6758 515.3882 491.1721 467.0385 443.0011 419.0764 395.2847 371.6517 348.2097 325 302.0761 279.5085 257.3907 235.8495 215.0581 195.2562 175 150 125 100 75 50 25 0 0 25 50 75 100 125 150 175 200 225 250 275 300 325 350 375 400 425 450 475 500 525 550 575 596.343 617.4545 638.8466 660.4922 682.3672 704.4501 726.7221 749.1662 771.7675 794.5125 817.3892 840.3868 863.4958 886.7074 910.0137 933.4077 956.8829 980.4336
570.0877 546.0082 522.0153 498.1215 474.3416 450.6939 427.2002 403.8874 380.7887 357.9455 335.4102 313.2491 291.5476 270.4164 250 226.3846 201.5564 176.7767 152.0691 127.4755 103.0776 79.05694 55.9017 35.35534 25 0 25 50 75 100 125 150 175 200 225 250 275 300 325 350 375 400 425 450 475 500 520.2163 540.8327 561.8051 583.0952 604.6693 626.4982 648.5561 670.8204 693.2712 715.8911 738.6643 761.5773 784.6177 807.7747 831.0385 854.4004 877.8525 901.3878 925 948.6833 972.4325
577.1698 553.3986 529.7405 506.2114 482.8302 459.6194 436.6062 412.3106 388.1044 364.0055 340.0368 316.2278 292.6175 269.2582 246.2215 223.6068 201.5564 176.7767 152.0691 127.4755 103.0776 79.05694 55.9017 35.35534 25 0 25 50 75 100 125 150 175 200 225 250 275 300 325 350 375 400 425 445.1123 465.0269 485.4122 506.2114 527.3755 548.8625 570.6356 592.6635 614.9187 637.3774 660.0189 682.825 705.7797 728.869 752.0804 775.4031 798.8273 822.3442 845.9462 869.6263 893.3784 917.1968 941.0765 965.0129
579.8707 555.0901 530.3301 505.5937 480.8846 456.2072 431.5669 406.9705 382.4265 357.9455 333.5416 309.2329 285.0439 261.0077 237.1708 213.6001 190.3943 167.7051 145.7738 125 100 75 50 25 0 0 25 50 75 100 125 150 175 200 225 250 275 300 325 350 371.6517 390.5125 410.0305 430.1163 450.6939 471.6991 493.0771 514.7815 536.7728 559.017 581.4852 604.1523 626.9968 650 673.1456 696.4194 719.809 743.3035 766.8931 790.5694 814.3249 838.1527 862.047 886.0023 910.0137 934.0771 958.1884
577.1698 552.2681 527.3755 502.4938 477.6243 452.7693 427.9311 403.1129 378.3186 353.5534 328.8237 304.1381 279.5085 254.951 230.4886 206.1553 182.0027 158.1139 134.6291 111.8034 90.13878 70.71068 50 25 0 25 35.35534 55.9017 79.05694 103.0776 127.4755 152.0691 176.7767 201.5564 226.3846 251.2469 276.134 301.0399 318.1981 336.3406 355.3168 375 395.2847 416.0829 437.3214 458.939 480.8846 503.1153 525.5949 548.2928 571.183 594.2432 617.4545 640.8003 664.2665 687.8408 711.5125 735.272 759.1113 783.023 807.0006 831.0385 855.1316 879.2753 903.4656 927.6988 951.9716
575.5432 550.5679 525.5949 500.6246 475.6574 450.6939 425.7346 400.7805 375.8324 350.8917 325.9601 301.0399 276.134 251.2469 226.3846 201.5564 176.7767 152.0691 127.4755 103.0776 79.05694 55.9017 35.35534 25 0 25 50 70.71068 90.13878 111.8034 134.6291 158.1139 182.0027 206.1553 230.4886 250 265.7536 282.8427 301.0399 320.1562 340.0368 360.5551 381.6084 403.1129 425 447.2136 469.7074 492.4429 515.3882 538.5165 561.8051 585.235 608.7898 632.4555 656.2202 680.0735 704.0064 728.011 752.0804 776.2087 800.3905 824.6212 848.8964 873.2125 897.5662 921.9545 946.3746
575 550 525 500 475 450 425 400 375 350 325 300 275 250 225 200 175 150 125 100 75 50 25 0 0 25 50 75 100 125 141.4214 160.0781 180.2776 201.5564 215.0581 230.4886 247.4874 265.7536 285.0439 305.1639 325.9601 347.3111 369.1206 391.3119 413.8236 436.6062 459.6194 482.8302 506.2114 529.7405 553.3986 577.1698 601.0408 625 649.0377 673.1456 697.3163 721.5435 745.8217 770.1461 794.5125 818.917 843.3564 867.8278 892.3284 916.856 941.4085
575 550 525 500 475 450 425 400 375 350 325 300 275 250 225 200 175 150 125 100 75 50 25 0 25 35.35534 55.9017 79.05694 90.13878 106.066 125 145.7738 167.7051 180.2776 195.2562 212.132 230.4886 250 270.4164 291.5476 313.2491 335.4102 357.9455 380.7887 403.8874 427.2002 450.6939 474.3416 498.1215 522.0153 546.0082 570.0877 594.2432 618.4658 642.748 667.0832 691.4658 715.8911 740.3546 764.8529 789.3827 813.941 838.5255 863.1339 887.764 912.4144 937.0833
575 550 525 500 475 450 425 400 375 350 325 300 275 250 225 200 175 150 125 100 75 50 25 0 25 50 50 55.9017 70.71068 90.13878 111.8034 134.6291 145.7738 160.0781 176.7767 195.2562 215.0581 235.8495 257.3907 279.5085 302.0761 325 348.2097 371.6517 395.2847 419.0764 443.0011 467.0385 491.1721 515.3882 539.6758 564.0257 588.4301 612.8825 637.3774 661.9101 686.4765 711.0731 735.697 760.3453 785.0159 809.7067 834.416 859.142 883.8835 908.6391 933.4077
570.0877 546.0082 522.0153 498.1215 474.3416 450 425 400 375 350 325 300 275 250 225 200 175 150 125 100 75 50 25 0 25 25 25 35.35534 55.9017 79.05694 103.0776 111.8034 125 141.4214 160.0781 180.2776 201.5564 223.6068 246.2215 269.2582 292.6175 316.2278 340.0368 364.0055 388.1044 412.3106 436.6062 460.9772 485.4122 509.9019 534.439 559.017 583.6309 608.2762 632.9495 657.6473 682.3672 707.1068 731.8641 756.6373 781.425 806.2258 831.0385 855.8621 880.6957 905.5385 930.3897
564.0257 539.6758 515.3882 491.1721 467.0385 443.0011 419.0764 395.2847 371.6517 348.2097 325 300 275 250 225 200 175 150 125 100 75 50 25 0 0 0 0 25 50 70.71068 79.05694 90.13878 106.066 125 145.7738 167.7051 190.3943 213.6001 237.1708 261.0077 285.0439 309.2329 333.5416 357.9455 382.4265 406.9705 431.5669 456.2072 480.8846 505.5937 530.3301 555.0901 579.8707 604.6693 629.4839 654.3126 679.1539 704.0064 728.869 753.7407 778.6206 803.5079 828.4021 853.3024 878.2084 903.1196 928.0356
559.017 534.439 509.9019 485.4122 460.9772 436.6062 412.3106 388.1044 364.0055 340.0368 316.2278 292.6175 269.2582 246.2215 223.6068 201.5564 176.7767 152.0691 127.4755 103.0776 79.05694 55.9017 35.35534 25 25 25 0 25 35.35534 50 55.9017 70.71068 90.13878 111.8034 134.6291 158.1139 182.0027 206.1553 230.4886 254.951 279.5085 304.1381 328.8237 353.5534 378.3186 403.1129 427.9311 452.7693 477.6243 502.4938 527.3755 552.2681 577.1698 602.0797 626.9968 651.9202 676.8493 701.7834 726.7221 751.6648 776.6112 801.561 826.5137 851.4693 876.4274 901.3878 926.3503
555.0901 530.3301 505.5937 480.8846 456.2072 431.5669 406.9705 382.4265 357.9455 333.5416 309.2329 285.0439 261.0077 237.1708 213.6001 190.3943 167.7051 145.7738 125 106.066 90.13878 70.71068 55.9017 50 50 25 0 0 25 25 35.35534 55.9017 79.05694 103.0776 127.4755 152.0691 176.7767 201.5564 226.3846 251.2469 276.134 301.0399 325.9601 350.8917 375.8324 400.7805 425.7346 450.6939 475.6574 500.6246 525.5949 550.5679 575.5432 600.5206 625.4998 650.4806 675.4628 700.4463 725.4309 750.4166 775.4031 800.3905 825.3787 850.3676 875.3571 900.3472 925.3378
552.2681 527.3755 502.4938 477.6243 452.7693 427.9311 403.1129 378.3186 353.5534 328.8237 304.1381 279.5085 254.951 230.4886 206.1553 182.0027 158.1139 134.6291 111.8034 90.13878 70.71068 55.9017 50 50 50 35.35534 25 0 0 0 25 50 75 100 125 150 175 200 225 250 275 300 325 350 375 400 425 450 475 500 525 550 575 600 625 650 675 700 725 750 775 800 825 850 875 900 925
550.5679 525.5949 500.6246 475.6574 450.6939 425.7346 400.7805 375.8324 350.8917 325.9601 301.0399 276.134 251.2469 226.3846 201.5564 176.7767 152.0691 127.4755 103.0776 79.05694 55.9017 35.35534 25 25 25 25 25 25 0 0 25 50 75 100 125 150 175 200 225 250 275 300 325 350 375 400 425 450 475 500 525 550 575 600 625 650 675 700 725 750 775 800 825 850 875 900 925
550 525 500 475 450 425 400 375 350 325 300 275 250 225 200 175 150 125 100 75 50 25 0 0 0 0 0 0 0 25 35.35534 55.9017 79.05694 103.0776 127.4755 152.0691 176.7767 201.5564 226.3846 251.2469 276.134 301.0399 325.9601 350.8917 375.8324 400.7805 425.7346 450.6939 475.6574 500.6246 525.5949 550.5679 575.5432 600.5206 625.4998 650.4806 675.4628 700.4463 725.4309 750.4166 775.4031 800.3905 825.3787 850.3676 875.3571 900.3472 925.3378
550 525 500 475 450 425 400 375 350 325 300 275 250 225 200 175 150 125 100 75 50 25 0 25 25 25 25 25 0 25 50 70.71068 90.13878 111.8034 134.6291 158.1139 182.0027 206.1553 230.4886 254.951 279.5085 304.1381 328.8237 353.5534 378.3186 403.1129 427.9311 452.7693 477.6243 502.4938 527.3755 552.2681 577.1698 602.0797 626.9968 651.9202 676.8493 701.7834 726.7221 751.6648 776.6112 801.561 826.5137 851.4693 876.4274 901.3878 926.3503
550 525 500 475 450 425 400 375 350 325 300 275 250 225 200 175 150 125 100 75 50 25 0 0 0 25 50 35.35534 25 35.35534 55.9017 79.05694 103.0776 125 145.7738 167.7051 190.3943 213.6001 237.1708 261.0077 285.0439 309.2329 333.5416 357.9455 382.4265 406.9705 431.5669 456.2072 480.8846 505.5937 530.3301 555.0901 579.8707 604.6693 629.4839 654.3126 679.1539 704.0064 728.869 753.7407 778.6206 803.5079 828.4021 853.3024 878.2084 894.4272 905.8835
550.5679 525.5949 500.6246 475.6574 450.6939 425.7346 400.7805 375.8324 350.8917 325.9601 301.0399 276.134 251.2469 226.3846 201.5564 176.7767 152.0691 127.4755 103.0776 79.05694 55.9017 35.35534 25 25 0 25 50 55.9017 50 55.9017 70.71068 90.13878 111.8034 134.6291 158.1139 180.2776 201.5564 223.6068 246.2215 269.2582 292.6175 316.2278 340.0368 364.0055 388.1044 412.3106 436.6062 460.9772 485.4122 509.9019 534.439 559.017 583.6309 608.2762 632.9495 657.6473 682.3672 707.1068 731.8641 756.6373 781.425 805.0621 827.6473 850.3676 860.9587 872.1382 883.5298
552.2681 527.3755 502.4938 477.6243 452.7693 427.9311 403.1129 378.3186 353.5534 328.8237 304.1381 279.5085 254.951 230.4886 206.1553 182.0027 158.1139 134.6291 111.8034 90.13878 70.71068 55.9017 50 25 0 25 35.35534 55.9017 75 79.05694 90.13878 106.066 125 145.7738 167.7051 190.3943 213.6001 235.8495 257.3907 279.5085 302.0761 325 348.2097 371.6517 395.2847 419.0764 443.0011 467.0385 491.1721 515.3882 539.6758 564.0257 588.4301 612.8825 637.3774 660.4922 682.3672 704.4501 726.7221 749.1662 771.7675 794.5125 817.3892 827.6473 838.5255 850 860.9587
555.0901 530.3301 505.5937 480.8846 456.2072 431.5669 406.9705 382.4265 357.9455 333.5416 309.2329 285.0439 261.0077 237.1708 213.6001 190.3943 167.7051 145.7738 125 103.0776 79.05694 55.9017 35.35534 25 0 0 25 50 75 100 111.8034 125 141.4214 160.0781 180.2776 201.5564 223.6068 246.2215 269.2582 291.5476 313.2491 335.4102 357.9455 380.7887 403.8874 427.2002 450.6939 474.3416 498.1215 520.2163 540.8327 561.8051 583.0952 604.6693 626.4982 648.5561 670.8204 693.2712 715.8911 738.6643 761.5773 784.6177 794.5125 805.0621 816.2414 827.6473 838.5255
