GSIF2018/6_Uncertainty/practical/river_dist.txt
ncols         80
nrows         80
xllcorner     190000
yllcorner     314000
cellsize      25
NODATA_value  -9999
[rows 30 to 59 of 80, columns 0 to 66 of 80]
559.017 534.439 509.9019 485.4122 460.9772 436.6062 412.3106 388.1044 364.0055 340.0368 316.2278 292.6175 269.2582 246.2215 223.6068 200 175 150 125 100 75 50 25 0 0 25 35.35534 55.9017 79.05694 103.0776 125 141.4214 160.0781 176.7767 195.2562 215.0581 235.8495 257.3907 279.5085 302.0761 325 347.3111 369.1206 388.9087 406.9705 425.7346 445.1123 465.0269 485.4122 506.2114 527.3755 548.8625 570.6356 592.6635 614.9187 637.3774 660.0189 682.825 705.7797 728.869 752.0804 761.5773 771.7675 782.6238 794.119 805.0621 816.2414
564.0257 539.6758 515.3882 491.1721 467.0385 443.0011 419.0764 395.2847 371.6517 348.2097 325 300 275 250 225 200 175 150 125 100 75 50 25 0 25 35.35534 55.9017 70.71068 79.05694 90.13878 106.066 125 145.7738 167.7051 190.3943 213.6001 237.1708 261.0077 285.0439 301.0399 318.1981 336.3406 353.5534 371.6517 390.5125 410.0305 430.1163 450.6939 471.6991 493.0771 514.7815 536.7728 559.017 581.4852 604.1523 626.9968 650 673.1456 696.4194 719.809 728.869 738.6643 749.1662 760.3453 771.7675 782.6238 794.119
570.0877 546.0082 522.0153 498.1215 474.3416 450 425 400 375 350 325 300 275 250 225 200 175 150 125 100 75 50 25 0 0 25 50 50 55.9017 70.71068 90.13878 111.8034 134.6291 158.1139 182.0027 206.1553 230.4886 250 265.7536 282.8427 301.0399 318.1981 336.3406 355.3168 375 395.2847 416.0829 437.3214 458.939 480.8846 503.1153 525.5949 548.2928 571.183 594.2432 617.4545 640.8003 664.2665 687.8408 696.4194 705.7797 715.8911 726.7221 738.2411 749.1662 760.3453 772.1722
575.5432 550.5679 525.5949 500.6246 475.6574 450.6939 425.7346 400.7805 375.8324 350.8917 325.9601 301.0399 276.134 251.2469 226.3846 201.5564 176.7767 152.0691 127.4755 103.0776 79.05694 55.9017 35.35534 25 0 25 25 25 35.35534 55.9017 79.05694 103.0776 127.4755 152.0691 176.7767 201.5564 215.0581 230.4886 247.4874 265.7536 282.8427 301.0399 320.1562 340.0368 360.5551 381.6084 403.1129 425 447.2136 469.7074 492.4429 515.3882 538.5165 561.8051 585.235 608.7898 632.4555 656.2202 664.2665 673.1456 682.825 693.2712 704.4501 715.8911 726.7221 738.2411 750.4166
575 550 525 500 475 450 425 400 375 350 325 300 275 250 225 200 175 150 125 100 75 50 25 0 0 0 0 0 25 50 75 100 125 150 167.7051 180.2776 195.2562 212.132 230.4886 247.4874 265.7536 285.0439 305.1639 325.9601 347.3111 369.1206 391.3119 413.8236 436.6062 459.6194 482.8302 506.2114 529.7405 553.3986 577.1698 601.0408 625 632.4555 640.8003 650 660.0189 670.8204 682.3672 693.2712 704.4501 716.3275 728.869
575.5432 550.5679 525.5949 500.6246 475.6574 450.6939 425.7346 400.7805 375.8324 350.8917 325.9601 301.0399 276.134 251.2469 226.3846 201.5564 176.7767 152.0691 127.4755 103.0776 79.05694 55.9017 35.35534 25 0 0 25 0 25 50 75 100 125 134.6291 145.7738 160.0781 176.7767 195.2562 212.132 230.4886 250 270.4164 291.5476 313.2491 335.4102 357.9455 380.7887 403.8874 427.2002 450.6939 474.3416 498.1215 522.0153 546.0082 570.0877 590.0212 601.0408 608.7898 617.4545 626.9968 637.3774 648.5561 660.0189 670.8204 682.3672 694.6222 707.5486
577.1698 552.2681 527.3755 502.4938 477.6243 452.7693 427.9311 403.1129 378.3186 353.5534 328.8237 304.1381 279.5085 254.951 230.4886 206.1553 182.0027 158.1139 134.6291 111.8034 90.13878 70.71068 50 25 0 25 0 0 25 50 70.71068 90.13878 103.0776 111.8034 125 141.4214 160.0781 176.7767 195.2562 215.0581 235.8495 257.3907 279.5085 302.0761 325 348.2097 371.6517 395.2847 419.0764 443.0011 467.0385 491.1721 515.3882 539.6758 555.0901 570.0877 577.1698 585.235 594.2432 604.1523 614.9187 626.4982 637.3774 648.5561 660.4922 673.1456 686.4765
579.8707 555.0901 530.3301 505.5937 480.8846 456.2072 431.5669 406.9705 382.4265 357.9455 333.5416 309.2329 285.0439 261.0077 237.1708 213.6001 190.3943 167.7051 145.7738 125 100 75 50 25 0 0 0 25 25 35.35534 55.9017 70.71068 79.05694 90.13878 106.066 125 141.4214 160.0781 180.2776 201.5564 223.6068 246.2215 269.2582 292.6175 316.2278 340.0368 364.0055 388.1044 412.3106 436.6062 460.9772 485.4122 506.2114 520.2163 535.0234 546.0082 553.3986 561.8051 571.183 581.4852 592.6635 604.1523 614.9187 626.4982 638.8466 651.9202 665.6763
583.6309 559.017 534.439 509.9019 485.4122 460.9772 436.6062 412.3106 388.1044 364.0055 340.0368 316.2278 292.6175 269.2582 246.2215 223.6068 200 175 150 125 100 75 50 25 0 25 25 25 0 25 35.35534 50 55.9017 70.71068 90.13878 106.066 125 145.7738 167.7051 190.3943 213.6001 237.1708 261.0077 285.0439 309.2329 333.5416 357.9455 382.4265 406.9705 431.5669 456.2072 471.6991 485.4122 500 515.3882 522.0153 529.7405 538.5165 548.2928 559.017 570.6356 581.4852 592.6635 604.6693 617.4545 630.9715 645.1744
588.4301 564.0257 539.6758 515.3882 491.1721 467.0385 443.0011 419.0764 395.2847 371.6517 348.2097 325 300 275 250 225 200 175 150 125 100 75 50 25 0 0 0 0 0 0 25 25 35.35534 55.9017 70.71068 90.13878 111.8034 134.6291 158.1139 182.0027 206.1553 230.4886 254.951 279.5085 304.1381 328.8237 353.5534 378.3186 403.1129 425 437.3214 450.6939 465.0269 480.2343 491.1721 498.1215 506.2114 515.3882 525.5949 536.7728 548.2928 559.017 570.6356 583.0952 596.343 610.3278 625
594.2432 570.0877 546.0082 522.0153 498.1215 474.3416 450.6939 425.7346 400.7805 375.8324 350.8917 325.9601 301.0399 276.134 251.2469 226.3846 201.5564 176.7767 152.0691 127.4755 103.0776 79.05694 55.9017 35.35534 25 25 0 0 25 0 0 0 25 35.35534 55.9017 79.05694 103.0776 127.4755 152.0691 176.7767 201.5564 226.3846 251.2469 276.134 301.0399 325.9601 350.8917 375.8324 391.3119 403.1129 416.0829 430.1163 445.1123 460.9772 467.0385 474.3416 482.8302 492.4429 503.1153 514.7815 525.5949 536.7728 548.8625 561.8051 575.5432 590.0212 605.1859
601.0408 577.1698 552.2681 527.3755 502.4938 477.6243 452.7693 427.9311 403.1129 378.3186 353.5534 328.8237 304.1381 279.5085 254.951 230.4886 206.1553 182.0027 158.1139 134.6291 111.8034 90.13878 70.71068 55.9017 50 35.35534 25 25 35.35534 25 25 0 0 25 50 75 100 125 150 175 200 225 250 275 300 325 348.2097 357.9455 369.1206 381.6084 395.2847 410.0305 425.7346 436.6062 443.0011 450.6939 459.6194 469.7074 480.8846 492.4429 503.1153 514.7815 527.3755 540.8327 555.0901 570.0877 585.7687
604.6693 579.8707 555.0901 530.3301 505.5937 480.8846 456.2072 431.5669 406.9705 382.4265 357.9455 333.5416 309.2329 285.0439 261.0077 237.1708 213.6001 190.3943 167.7051 145.7738 125 106.066 90.13878 79.05694 70.71068 55.9017 50 50 55.9017 35.35534 25 0 25 35.35534 55.9017 79.05694 103.0776 127.4755 152.0691 176.7767 201.5564 226.3846 251.2469 276.134 301.0399 316.2278 325 335.4102 347.3111 360.5551 375 390.5125 406.9705 412.3106 419.0764 427.2002 436.6062 447.2136 458.939 469.7074 480.8846 493.0771 506.2114 520.2163 535.0234 550.5679 566.7892
608.2762 583.6309 559.017 534.439 509.9019 485.4122 460.9772 436.6062 412.3106 388.1044 364.0055 340.0368 316.2278 292.6175 269.2582 246.2215 223.6068 201.5564 180.2776 160.0781 141.4214 125 111.8034 103.0776 90.13878 79.05694 75 75 50 25 0 0 25 50 70.71068 90.13878 111.8034 134.6291 158.1139 182.0027 206.1553 230.4886 254.951 279.5085 285.0439 292.6175 302.0761 313.2491 325.9601 340.0368 355.3168 371.6517 382.4265 388.1044 395.2847 403.8874 413.8236 425 436.6062 447.2136 458.939 471.6991 485.4122 500 515.3882 531.5073 548.2928
612.8825 588.4301 564.0257 539.6758 515.3882 491.1721 467.0385 443.0011 419.0764 395.2847 371.6517 348.2097 325 302.0761 279.5085 257.3907 235.8495 215.0581 195.2562 176.7767 160.0781 145.7738 134.6291 125 111.8034 103.0776 100 75 50 25 0 25 35.35534 55.9017 70.71068 90.13878 111.8034 134.6291 158.1139 182.0027 206.1553 230.4886 251.2469 254.951 261.0077 269.2582 279.5085 291.5476 305.1639 320.1562 336.3406 353.5534 357.9455 364.0055 371.6517 380.7887 391.3119 403.1129 413.8236 425 437.3214 450.6939 465.0269 480.2343 496.2358 512.9571 530.3301
618.4658 594.2432 570.0877 546.0082 522.0153 498.1215 474.3416 450.6939 427.2002 403.8874 380.7887 357.9455 335.4102 313.2491 291.5476 270.4164 250 230.4886 212.132 195.2562 180.2776 167.7051 158.1139 145.7738 134.6291 125 100 75 50 25 0 0 25 35.35534 55.9017 79.05694 103.0776 127.4755 152.0691 176.7767 201.5564 225 226.3846 230.4886 237.1708 246.2215 257.3907 270.4164 285.0439 301.0399 318.1981 328.8237 333.5416 340.0368 348.2097 357.9455 369.1206 380.7887 391.3119 403.1129 416.0829 430.1163 445.1123 460.9772 477.6243 494.9748 512.9571
625 601.0408 577.1698 553.3986 529.7405 506.2114 482.8302 459.6194 436.6062 413.8236 391.3119 369.1206 347.3111 325.9601 305.1639 285.0439 265.7536 247.4874 230.4886 215.0581 201.5564 190.3943 180.2776 167.7051 152.0691 127.4755 103.0776 79.05694 55.9017 35.35534 25 0 0 25 50 75 100 125 150 175 200 200 201.5564 206.1553 213.6001 223.6068 235.8495 250 265.7536 282.8427 301.0399 304.1381 309.2329 316.2278 325 335.4102 347.3111 357.9455 369.1206 381.6084 395.2847 410.0305 425.7346 442.2951 459.6194 477.6243 496.2358
632.4555 608.7898 585.235 561.8051 538.5165 515.3882 492.4429 469.7074 447.2136 425 403.1129 381.6084 360.5551 340.0368 320.1562 301.0399 282.8427 265.7536 250 235.8495 223.6068 213.6001 201.5564 182.0027 158.1139 134.6291 111.8034 90.13878 70.71068 55.9017 35.35534 25 0 25 50 75 100 125 150 175 175 175 176.7767 182.0027 190.3943 201.5564 215.0581 230.4886 247.4874 265.7536 276.134 279.5085 285.0439 292.6175 302.0761 313.2491 325 335.4102 347.3111 360.5551 375 390.5125 406.9705 424.2641 442.2951 460.9772 480.2343
640.8003 617.4545 594.2432 571.183 548.2928 525.5949 503.1153 480.8846 458.939 437.3214 416.0829 395.2847 375 355.3168 336.3406 318.1981 301.0399 285.0439 270.4164 257.3907 246.2215 235.8495 213.6001 190.3943 167.7051 145.7738 125 106.066 90.13878 70.71068 50 25 0 25 50 75 100 125 150 152.0691 150 150 152.0691 158.1139 167.7051 180.2776 195.2562 212.132 230.4886 250 251.2469 254.951 261.0077 269.2582 279.5085 291.5476 302.0761 313.2491 325.9601 340.0368 355.3168 371.6517 388.9087 406.9705 425.7346 445.1123 465.0269
650 626.9968 604.1523 581.4852 559.017 536.7728 514.7815 493.0771 471.6991 450.6939 430.1163 410.0305 390.5125 371.6517 353.5534 336.3406 320.1562 305.1639 291.5476 279.5085 269.2582 246.2215 223.6068 201.5564 180.2776 160.0781 141.4214 125 100 75 50 25 0 25 50 75 100 125 134.6291 127.4755 125 125 127.4755 134.6291 145.7738 160.0781 176.7767 195.2562 215.0581 225 226.3846 230.4886 237.1708 246.2215 257.3907 269.2582 279.5085 291.5476 305.1639 320.1562 336.3406 353.5534 371.6517 390.5125 410.0305 430.1163 450.6939
660.0189 637.3774 614.9187 592.6635 570.6356 548.8625 527.3755 506.2114 485.4122 465.0269 445.1123 425.7346 406.9705 388.9087 371.6517 355.3168 340.0368 325.9601 313.2491 302.0761 279.5085 257.3907 235.8495 215.0581 195.2562 175 150 125 100 75 50 25 0 25 50 70.71068 90.13878 106.066 111.8034 103.0776 100 100 103.0776 111.8034 125 141.4214 160.0781 180.2776 200 200 201.5564 206.1553 213.6001 223.6068 235.8495 246.2215 257.3907 270.4164 285.0439 301.0399 318.1981 336.3406 355.3168 375 395.2847 416.0829 437.3214
670.8204 648.5561 626.4982 604.6693 583.0952 561.8051 540.8327 520.2163 500 480.2343 460.9772 442.2951 424.2641 406.9705 390.5125 375 360.5551 347.3111 335.4102 313.2491 291.5476 270.4164 250 225 200 175 150 125 100 75 50 25 0 25 35.35534 55.9017 70.71068 90.13878 90.13878 79.05694 75 75 79.05694 90.13878 106.066 125 145.7738 167.7051 175 175 176.7767 182.0027 190.3943 201.5564 213.6001 223.6068 235.8495 250 265.7536 282.8427 301.0399 320.1562 340.0368 360.5551 381.6084 403.1129 424.2641
682.3672 660.4922 638.8466 617.4545 596.343 575.5432 555.0901 535.0234 515.3882 496.2358 477.6243 459.6194 442.2951 425.7346 410.0305 395.2847 381.6084 369.1206 347.3111 325 300 275 250 225 200 175 150 125 100 75 50 25 0 0 25 35.35534 55.9017 70.71068 70.71068 55.9017 50 50 55.9017 70.71068 90.13878 111.8034 134.6291 150 150 150 152.0691 158.1139 167.7051 180.2776 190.3943 201.5564 215.0581 230.4886 247.4874 265.7536 285.0439 305.1639 325.9601 347.3111 369.1206 388.9087 406.9705
694.6222 673.1456 651.9202 630.9715 610.3278 590.0212 570.0877 550.5679 531.5073 512.9571 494.9748 477.6243 460.9772 445.1123 430.1163 416.0829 400.7805 375.8324 350.8917 325.9601 301.0399 276.134 251.2469 226.3846 201.5564 176.7767 152.0691 127.4755 103.0776 79.05694 55.9017 35.35534 25 0 0 25 35.35534 55.9017 50 35.35534 25 25 35.35534 55.9017 79.05694 103.0776 125 125 125 125 127.4755 134.6291 145.7738 158.1139 167.7051 180.2776 195.2562 212.132 230.4886 250 270.4164 291.5476 313.2491 335.4102 353.5534 371.6517 390.5125
707.5486 686.4765 665.6763 645.1744 625 605.1859 585.7687 566.7892 548.2928 530.3301 512.9571 496.2358 480.2343 465.0269 450.6939 427.9311 403.1129 378.3186 353.5534 328.8237 304.1381 279.5085 254.951 230.4886 206.1553 182.0027 158.1139 134.6291 111.8034 90.13878 70.71068 55.9017 35.35534 25 0 0 25 35.35534 25 25 0 0 25 50 75 90.13878 103.0776 100 100 100 103.0776 111.8034 125 134.6291 145.7738 160.0781 176.7767 195.2562 215.0581 235.8495 257.3907 279.5085 301.0399 318.1981 336.3406 355.3168 375
721.1102 700.4463 680.0735 660.0189 640.3124 620.9871 602.0797 583.6309 565.6854 548.2928 531.5073 515.3882 500 480.8846 456.2072 431.5669 406.9705 382.4265 357.9455 333.5416 309.2329 285.0439 261.0077 237.1708 213.6001 190.3943 167.7051 145.7738 125 106.066 90.13878 70.71068 55.9017 35.35534 25 0 0 25 0 0 0 0 25 50 55.9017 70.71068 79.05694 75 75 75 79.05694 90.13878 103.0776 111.8034 125 141.4214 160.0781 180.2776 201.5564 223.6068 246.2215 265.7536 282.8427 301.0399 320.1562 340.0368 360.5551
735.272 715.0175 695.072 675.4628 656.2202 637.3774 618.9709 601.0408 583.6309 566.7892 550.5679 534.439 509.9019 485.4122 460.9772 436.6062 412.3106 388.1044 364.0055 340.0368 316.2278 292.6175 269.2582 246.2215 223.6068 201.5564 180.2776 160.0781 141.4214 125 106.066 90.13878 70.71068 55.9017 35.35534 25 0 0 0 25 25 0 25 25 35.35534 55.9017 55.9017 50 50 50 55.9017 70.71068 79.05694 90.13878 106.066 125 145.7738 167.7051 190.3943 212.132 230.4886 247.4874 265.7536 285.0439 305.1639 325.9601 347.3111
750 730.1541 710.6335 691.4658 672.6812 654.3126 636.3961 618.9709 602.0797 585.7687 564.0257 539.6758 515.3882 491.1721 467.0385 443.0011 419.0764 395.2847 371.6517 348.2097 325 302.0761 279.5085 257.3907 235.8495 215.0581 195.2562 176.7767 160.0781 141.4214 125 106.066 90.13878 70.71068 55.9017 35.35534 25 25 25 25 0 0 0 0 25 50 35.35534 25 25 25 35.35534 50 55.9017 70.71068 90.13878 111.8034 134.6291 158.1139 176.7767 195.2562 212.132 230.4886 250 270.4164 291.5476 313.2491 335.4102
765.2614 745.8217 726.7221 707.9901 689.6557 671.7515 654.3126 637.3774 618.4658 594.2432 570.0877 546.0082 522.0153 498.1215 474.3416 450.6939 427.2002 403.8874 380.7887 357.9455 335.4102 313.2491 291.5476 270.4164 250 230.4886 212.132 195.2562 176.7767 160.0781 141.4214 125 106.066 90.13878 70.71068 55.9017 50 50 50 25 0 0 25 0 25 35.35534 25 0 0 0 25 25 35.35534 55.9017 79.05694 103.0776 125 141.4214 160.0781 176.7767 195.2562 215.0581 235.8495 257.3907 279.5085 301.0399 318.1981
781.025 761.9875 743.3035 725 707.1068 689.6557 672.6812 649.0377 625 601.0408 577.1698 553.3986 529.7405 506.2114 482.8302 459.6194 436.6062 413.8236 391.3119 369.1206 347.3111 325.9601 305.1639 285.0439 265.7536 247.4874 230.4886 212.132 195.2562 176.7767 160.0781 141.4214 125 106.066 90.13878 79.05694 75 75 50 25 0 0 25 0 25 25 0 0 25 0 0 0 25 50 70.71068 90.13878 106.066 125 141.4214 160.0781 180.2776 201.5564 223.6068 246.2215 265.7536 282.8427 301.0399
